-73451.253982	-77830.105011	1
-73737.966517	-77799.834465	2
-77464.607384	-78112.123857	3
-76997.868310	-78199.494700	4
-74586.183737	-76188.011385	5
-74773.344787	-76389.478423	6
-76037.188998	-78652.542811	7
-75855.043228	-78886.302540	8
-75808.535261	-78938.245243	9
-76219.354118	-78655.002550	10
-75734.422395	-78972.358886	11
-75874.726668	-78906.005537	12
-79916.838939	-78992.550484	13
-79724.629900	-78949.275970	14
-80022.307669	-78948.829010	15
-77281.316082	-79058.523926	16
-77164.672990	-79222.115787	17
-80109.013271	-80992.250820	18
-79835.775389	-81019.762682	19
-79925.040856	-81536.177832	20
-79887.115200	-81333.592736	21
-79954.036277	-81799.166536	22
-72432.609732	-77148.597125	23
-72220.069214	-76959.098938	24
-72677.964151	-77163.212938	25
-79139.277564	-78825.952017	26
-79333.805453	-78883.768501	27
-78944.780820	-78768.620318	28
-76447.556028	-78045.434540	29
-76339.242911	-78040.682731	30
-80663.926667	-80402.150758	31
-80593.963068	-80094.584065	32
-79528.395185	-78941.935579	33
-74299.795119	-78356.881733	34
-74399.261808	-78062.176363	35
-74953.116071	-78029.804959	36
-80432.885057	-79176.405305	37
-80688.071356	-79192.551669	38
-80290.550996	-79182.348935	39
-80677.331537	-79293.746944	40
-80734.410189	-79358.218673	41
-80712.425464	-79431.618961	42
-73942.513761	-72446.239652	43
-73898.021463	-72973.840887	44
-75075.686519	-77947.860231	45
-75276.800728	-77938.678899	46
-74689.915719	-75772.966383	47
-74733.140312	-76097.927219	48
-74572.847987	-75601.109137	49
-79454.627938	-80013.674134	50
-79427.452309	-79715.155753	51
-74101.082091	-77860.028737	52
-74032.410636	-77880.137744	53
-74486.547136	-77908.299148	54
-81596.389462	-80440.347743	55
-81520.421327	-80460.020233	56
-81777.038974	-80565.211143	57
-81249.325688	-79389.379242	58
-81410.066573	-79467.420452	59
-81212.926933	-79420.023951	60
-75525.942652	-78122.879983	61
-75866.443522	-77984.589318	62
-79722.024934	-79767.434418	63
-79715.523635	-79105.525533	64
-79678.493395	-79978.404029	65
-73339.344401	-77758.808429	66
-72987.746307	-77709.003917	67
-73378.043866	-77780.692818	68
-76631.910346	-77756.687360	69
-76485.472472	-77807.999872	70
-76899.871623	-77566.355389	71
-72712.532029	-77617.603131	72
-75506.389723	-77943.011049	73
-75279.340999	-78346.844084	74
-75440.089867	-77659.929426	75
-80773.213339	-79302.389069	76
-74421.773578	-74081.496495	77
-74379.552078	-74290.346599	78
-74458.450887	-73821.899118	79
-76555.526391	-78074.008734	80
-76677.138228	-78133.189867	81
-75321.365844	-77489.811408	82
-75165.414327	-77282.970109	83
-75388.488726	-77286.528317	84
-74086.558327	-77423.975325	85
-74203.850917	-77635.200873	86
-72124.444935	-77060.813946	87
-74488.097807	-73558.458596	88
-74797.969236	-76353.545114	89
-74710.427008	-76116.142547	90
-74921.715588	-76558.130968	91
-75026.479510	-76796.145205	92
-74829.754086	-76323.469465	93
-76992.262451	-77649.657671	94
-74903.893154	-78094.222290	95
-79679.926457	-79673.185255	96
-80060.766026	-82326.093661	97
-80146.819297	-81965.159454	98
-81372.783151	-80286.220857	99
-75095.142874	-75340.863395	100
-74937.525051	-75667.853430	101
-76323.675553	-77764.892586	102
-76106.951204	-77927.325815	103
-78558.520289	-78655.183168	104
-78751.765980	-78711.680027	105
-78365.286128	-78599.325050	106
-75069.095200	-75217.244738	107
-75045.185972	-74920.882839	108
-74801.489550	-75771.544143	109
-81080.672966	-79930.350748	110
-80963.097256	-79679.440045	111
-81226.596090	-80108.069452	112
-74191.954356	-74697.742028	113
-74295.371484	-74914.034047	114
-80373.569674	-79553.030735	115
-80099.931292	-79118.426167	116
-74375.620437	-75297.206487	117
-75283.876380	-79166.852456	118
-75334.620856	-79758.261958	119
-75416.602698	-78980.315334	120
-77978.562808	-78488.635417	121
-78172.037415	-78543.804686	122
-77785.065923	-78433.870253	123
-73864.802314	-73103.618369	124
-73996.845076	-73338.454853	125
-73724.452780	-72825.400999	126
-74050.343505	-73507.534075	127
-74089.626793	-73779.483201	128
-73776.990170	-74060.661555	129
-74242.791170	-74518.671617	130
-76099.894283	-77949.648769	131
-80867.905549	-79325.985744	132
-81083.294154	-79334.599583	133
-76824.911000	-77807.674583	134
-77221.691418	-77720.060016	135
-75861.017065	-77934.103514	136
-76073.998263	-76623.593623	137
-77514.673692	-78817.697329	138
-77678.571143	-78901.281236	139
-81487.926171	-79752.394369	140
-81817.402052	-79925.565213	141
-81855.194877	-79855.974166	142
-81650.418200	-79845.566000	143
-81397.211304	-79733.616663	144
-81804.904842	-79808.127415	145
-73589.986060	-72692.915966	146
-73812.803399	-72301.167413	147
-79909.399015	-79054.916638	148
-79720.078752	-78987.614631	149
-79649.544835	-79186.450687	150
-79574.618297	-79410.912493	151
-75139.733037	-78007.608594	152
-74962.695979	-77787.233873	153
-75578.456539	-78300.248822	154
-75125.049796	-77027.753938	155
-79753.854804	-80500.294841	156
-79829.765778	-80971.551869	157
-79690.403172	-80313.162087	158
-73824.478204	-77897.549128	159
-73526.715366	-77777.059828	160
-73507.026413	-77716.715000	161
-80512.202956	-79911.941580	162
-80437.999602	-79665.914940	163
-79676.050027	-80228.875823	164
-79677.359454	-80494.390871	165
-81098.126896	-79556.764848	166
-80702.012734	-79411.388831	167
-81265.388633	-79721.692032	168
-75683.265146	-78046.031785	169
-77189.352613	-78286.339224	170
-77442.761227	-78420.196063	171
-77019.461547	-78236.908209	172
-76589.129659	-77558.115923	173
-79716.503702	-79711.302634	174
-79536.849062	-80252.417283	175
-79905.330199	-80168.105524	176
-79846.844538	-79163.143607	177
-80114.210924	-79778.504568	178
-72595.189907	-76946.884446	179
-73345.611734	-77617.013399	180
-72978.935427	-77428.588689	181
-73383.885261	-72001.796172	182
-73684.175948	-71715.724438	183
-78181.645187	-78827.950193	184
-76147.135981	-78490.061811	185
-76277.610716	-78365.397767	186
-75942.330005	-78625.508484	187
-77539.736764	-78320.864797	188
-77581.302936	-78346.090794	189
-74833.655521	-77606.933054	190
-74773.289999	-78231.758378	191
-74644.893819	-78108.704925	192
-74679.661303	-77972.941050	193
-74349.106217	-77430.640332	194
-74874.646492	-77705.771947	195
-83314.772706	-80083.392673	196
-83036.938508	-80255.989513	197
-82812.268762	-81163.517906	198
-76826.926820	-78191.305506	199
-76660.292756	-78219.700103	200
-72560.023895	-77603.704561	201
-72372.059718	-77333.206304	202
-77250.982829	-78105.472053	203
-76296.503591	-77839.030822	204
-74208.281751	-74643.841994	205
-74416.269778	-75113.054867	206
-74302.804813	-74481.799565	207
-74367.716467	-74605.234490	208
-73721.208943	-73667.193656	209
-74011.851633	-74194.723096	210
-73763.167176	-73783.777261	211
-77748.242326	-78595.140176	212
-78181.226603	-78484.250590	213
-77699.946965	-78690.499743	214
-72702.424222	-77143.608434	215
-76620.566558	-78115.776892	216
-76455.555855	-78065.955598	217
-76517.381071	-78341.920290	218
-76400.322288	-78474.782382	219
-75793.902076	-78703.962125	220
-75925.613946	-78593.358993	221
-75578.424155	-78833.744192	222
-83368.435841	-80879.636108	223
-82849.017222	-81217.794642	224
-73634.059448	-73205.172455	225
-74029.568721	-73881.950486	226
-76507.808018	-78311.112838	227
-76450.594813	-78082.513198	228
-76367.442277	-78243.764764	229
-76482.218271	-78191.171234	230
-76320.098172	-78142.038599	231
-82156.189597	-80096.138420	232
-82298.388686	-80254.128414	233
-81940.006280	-80041.447696	234
-74901.584487	-79346.018195	235
-79752.912378	-81274.441423	236
-74058.794636	-76320.794267	237
-79456.419060	-79452.658344	238
-74847.535722	-75859.340220	239
-75889.502479	-78709.738141	240
-74293.624647	-77866.365613	241
-74164.330492	-77674.210093	242
-72749.562851	-77652.463362	243
-74760.674028	-77990.820228	244
-76214.165064	-77831.848376	245
-73787.292121	-72909.392710	246
-73844.084035	-75065.189038	247
-76433.882467	-77707.203662	248
-76387.230866	-77902.790622	249
-76058.456079	-77976.486995	250
-79604.995732	-81065.511422	251
-74295.903882	-77740.724129	252
-75689.667261	-78079.371148	253
-78408.650353	-78621.486137	254
-75581.236283	-77986.742452	255
-74115.979954	-74220.246056	256
-73690.610320	-73134.733185	257
-77218.518291	-77682.674875	258
-74374.322206	-75148.490034	259
-74457.049784	-75389.323449	260
-73871.476790	-77443.021325	261
-82406.838708	-80444.016119	262
-82909.092318	-80503.097907	263
-75662.942790	-78594.541909	264
-79965.884269	-79308.942078	265
-74028.526735	-74172.700798	266
-76443.252160	-78381.754271	267
-74320.036948	-73535.651933	268
-75243.723840	-79117.093712	269
-74363.710812	-78239.497888	270
-77218.164716	-77569.592108	271
-77192.278479	-77664.560997	272
-80782.008162	-79588.339897	273
-75631.351189	-78622.747197	274
-76583.727546	-78967.955649	275
-75963.412055	-78179.424853	276
-74572.363394	-74346.589476	277
-74486.304403	-74734.848689	278
-82472.802796	-80372.197165	279
-76153.953417	-78123.694056	280
-75977.732367	-77973.503624	281
-76421.649202	-77845.741218	282
-76405.023127	-78439.420311	283
-75495.786642	-78643.201809	284
-76048.235632	-78017.254734	285
-74367.621836	-74804.293188	286
-76807.189963	-78014.667240	287
-74476.390444	-75365.668226	288
-75087.946418	-75359.110942	289
-74387.084842	-74840.744835	290
-73533.084162	-72226.795560	291
-79767.354384	-81298.400799	292
-79850.598429	-81282.265857	293
-75756.926769	-78633.533067	294
-81616.671589	-79615.162244	295
-81954.467845	-79366.235446	296
-74477.629385	-74860.986353	297
-78343.230041	-78784.882543	298
-74466.091433	-78088.022085	299
-74753.530618	-77516.185850	300
-77775.602547	-78860.578089	301
-77863.714552	-78753.825306	302
-77670.795755	-79056.112497	303
-77035.371912	-77747.588278	304
-75762.618078	-75749.439076	305
-75640.577317	-75924.658327	306
-75838.315803	-75634.672524	307
-74763.748328	-77300.793994	308
-74590.045718	-77021.180676	309
-74844.092373	-77479.456808	310
-73428.280551	-77889.155438	311
-73163.031662	-77763.200325	312
-73999.970743	-77563.014638	313
-73921.031716	-73616.090069	314
-73900.188750	-73452.008808	315
-74670.406620	-76225.300834	316
-74607.546945	-75921.625099	317
-74457.585849	-78187.977260	318
-79902.929566	-80724.739474	319
-81501.192402	-79510.759830	320
-75135.297692	-75722.855120	321
-75149.470076	-75680.714659	322
-73734.698855	-73034.300610	323
-73906.732381	-73427.643964	324
-76452.709571	-78414.750526	325
-78318.614268	-78900.656903	326
-77946.509589	-79200.501816	327
-76423.559318	-77688.309107	328
-74936.334836	-75686.592778	329
-74868.742004	-75821.401820	330
-75460.105698	-77775.708413	331
-75603.683769	-77765.740472	332
-75579.850515	-77810.660250	333
-75616.020386	-77876.003617	334
-72085.536855	-77598.159034	335
-72385.518474	-77532.306255	336
-81362.967756	-80795.089142	337
-81265.524483	-80592.067356	338
-81485.722413	-81032.448979	339
-77056.336216	-78738.127429	340
-77346.833101	-78542.090340	341
-73203.344890	-77373.525679	342
-73933.064314	-76256.230844	343
-74325.064523	-76527.607422	344
-74475.911883	-76969.970610	345
-76554.466461	-78286.977197	346
-78380.449127	-79437.842535	347
-78455.169860	-79103.878999	348
-78869.132791	-79329.186768	349
-78486.959709	-79397.979571	350
-78544.170877	-79482.453243	351
-74951.029731	-76455.071442	352
-77937.356941	-78806.201582	353
-78032.940708	-78902.745198	354
-75722.024986	-78541.758405	355
-73316.518365	-78159.345834	356
-73055.205256	-77781.372907	357
-73963.851607	-75462.616283	358
-80811.998637	-80140.902364	359
-74133.045641	-74479.319259	360
-78053.975371	-78457.076474	361
-77745.386547	-78352.162059	362
-74946.024802	-75710.951534	363
-75027.854431	-75881.781084	364
-75082.641544	-75512.429613	365
-81396.893739	-80454.722729	366
-81243.010586	-80434.099994	367
-81068.460433	-80021.862737	368
-74490.119645	-77714.326819	369
-76425.971339	-78124.213538	370
-76238.737114	-78157.499226	371
-76356.850584	-78193.779872	372
-74636.002437	-77640.806917	373
-74564.954797	-77605.351023	374
-74555.786864	-77327.840582	375
-75951.493500	-74999.555198	376
-81079.986961	-80162.565579	377
-81025.368919	-80048.102046	378
-74683.682757	-78431.706319	379
-79407.396422	-79171.028005	380
-76056.410110	-78098.998500	381
-75899.841700	-78097.823011	382
-74403.203399	-77665.987355	383
-75927.949970	-78488.725929	384
-75240.766828	-79214.027288	385
-75089.947676	-76980.723780	386
-75347.410725	-77036.143410	387
-75198.808106	-77249.516660	388
-74580.893875	-78425.270946	389
-79962.691417	-79285.678421	390
-80901.129443	-79244.640912	391
-76117.223606	-78252.895196	392
-80974.671368	-79810.286660	393
-74564.249443	-73157.003154	394
-74597.331768	-72920.278877	395
-74532.399974	-73394.213884	396
-78330.832627	-78935.860876	397
-77857.269031	-79666.148792	398
-77789.660688	-79557.233737	399
-79602.187616	-79565.093006	400
-79495.280344	-79731.223722	401
-79537.820174	-79677.452087	402
-80135.625871	-79529.966933	403
-76026.515326	-78132.590807	404
-80060.000002	-79094.405184	405
-79158.831711	-79002.641327	406
-75148.556106	-78893.757382	407
-75123.006619	-78797.421654	408
-75667.168501	-78652.773612	409
-76228.254363	-78637.367165	410
-77665.413198	-79339.909291	411
-77472.758332	-79456.398303	412
-80555.867821	-79124.775926	413
-76133.659036	-77562.708963	414
-76006.776346	-77685.483506	415
-80055.879466	-82513.630741	416
-80015.242616	-82278.478439	417
-75930.233273	-75242.056925	418
-76292.944109	-74786.108233	419
-80640.777667	-79470.763139	420
-80430.910258	-79502.894891	421
-80799.372534	-79973.364771	422
-80519.999387	-79456.301676	423
-75156.444454	-75773.756246	424
-75044.883126	-75976.929224	425
-76051.817308	-76700.633746	426
-79460.266279	-80833.380626	427
-79671.706576	-80437.366728	428
-80307.965587	-79458.730119	429
-80974.058095	-79984.982052	430
-80827.914201	-79900.476430	431
-81083.445575	-80217.697401	432
-73343.979568	-77742.297082	433
-80651.929497	-79860.240872	434
-75065.937246	-77882.845376	435
-72709.534743	-76860.387514	436
-81800.735443	-80040.706743	437
-78922.501857	-79275.695896	438
-79442.365847	-79357.108885	439
-74473.473334	-74007.949396	440
-72997.626851	-77559.399451	441
-72760.324144	-77430.776211	442
-73176.470408	-77647.929550	443
-77869.537726	-78676.383839	444
-72589.228955	-78216.102784	445
-75554.493340	-79132.690475	446
-75877.721491	-77360.097111	447
-74241.230770	-73643.283844	448
-74818.017338	-73252.159167	449
-81960.267722	-80650.573473	450
-74130.997045	-74343.577047	451
-76288.640356	-77914.149451	452
-76524.400602	-77915.013358	453
-75506.223489	-76995.139206	454
-75638.039877	-76844.218491	455
-80367.911198	-79577.463451	456
-80346.753526	-79907.357193	457
-80323.688805	-79479.713192	458
-80514.647435	-79931.695884	459
-80416.601764	-79979.141185	460
-80202.789706	-80049.797307	461
-75394.108993	-78659.488077	462
-75517.189248	-78385.012928	463
-81649.783622	-81479.082631	464
-81556.968934	-81192.424725	465
-74368.265321	-78025.890789	466
-74659.349892	-78090.000387	467
-74431.739067	-78009.849467	468
-76560.977233	-78247.503372	469
-76436.526677	-78224.059402	470
-74426.831340	-74108.084409	471
-80621.451581	-79266.864953	472
-76285.283468	-78350.463550	473
-74327.598866	-72925.672574	474
-73682.503801	-71548.189544	475
-75162.614261	-76522.998086	476
-74635.483167	-73826.924511	477
-74672.478876	-73910.290140	478
-81329.137340	-80704.543128	479
-81584.144652	-80294.622028	480
-81875.709482	-80803.099118	481
-81600.578274	-80267.683684	482
-74053.039049	-77629.986437	483
-80131.080075	-80598.611150	484
-77365.210265	-77143.159486	485
-77097.576894	-77530.729322	486
-77173.183769	-77551.874197	487
-73813.427121	-78119.642648	488
-76345.963777	-77869.311159	489
-80197.745583	-80224.003075	490
-77811.431255	-79424.840210	491
-77903.003317	-79212.457946	492
-80567.956442	-80493.357665	493
-74497.476287	-73633.190345	494
-75433.582688	-77540.285056	495
-74792.406794	-76861.760749	496
-75471.679114	-77378.604124	497
-74509.609779	-75720.401997	498
-74358.216047	-77920.737163	499
-81785.410596	-79895.553860	500
-77516.686608	-77958.763139	501
-74486.950067	-73583.491013	502
-75776.095262	-78257.447031	503
-76078.319786	-78071.564903	504
-76037.643123	-78063.891495	505
-80505.136409	-79888.929637	506
-75036.389388	-77583.462850	507
-75784.597575	-76709.967747	508
-75930.522516	-76573.341430	509
-77344.840129	-78948.742751	510
-76458.251591	-78398.274396	511
-74462.725176	-73871.023250	512
-77344.535733	-77527.605971	513
-76458.673942	-78174.211153	514
-81979.912166	-80896.991596	515
-82493.545562	-80722.216020	516
-73941.245214	-73598.043210	517
-78208.679222	-78451.895140	518
-77800.703668	-78645.122847	519
-76883.783125	-78391.146923	520
-78962.890071	-79033.686766	521
-75039.815783	-77690.534126	522
-75020.339374	-76288.845931	523
-74410.828225	-77503.065795	524
-76104.061685	-77908.303979	525
-80656.064405	-80380.315208	526
-73823.511485	-72021.516629	527
-77396.088891	-78997.003434	528
-75040.325179	-76379.820919	529
-81633.653760	-79760.628384	530
-74697.818061	-76245.453638	531
-74836.400950	-75093.120926	532
-75320.972687	-74539.277572	533
-75100.852225	-74872.662581	534
-77918.535650	-79174.025718	535
-79768.227152	-80741.483303	536
-77070.062828	-78182.315681	537
-77172.632053	-78126.121324	538
-75757.963455	-78051.593500	539
-74873.725727	-79384.024471	540
-73349.934658	-77502.586717	541
-73437.722315	-77615.216890	542
-76432.216640	-78104.200623	543
-74521.005908	-74335.700022	544
-74722.109196	-73729.423924	545
-74269.089814	-74681.632029	546
-77690.336083	-78672.676481	547
-77743.016372	-78655.470139	548
-78907.069268	-79004.575270	549
-74627.215854	-77760.574733	550
-74188.649511	-74141.110411	551
-74205.573980	-73900.889300	552
-74725.393460	-77472.048210	553
-74700.281581	-75175.450665	554
-74604.570854	-75178.243431	555
-74786.649060	-74963.967886	556
-73961.769776	-73998.666390	557
-75384.790270	-78932.599847	558
-75588.867544	-78805.330078	559
-74715.712492	-79259.235908	560
-74623.452400	-74140.768177	561
-76345.762154	-78015.907547	562
-75005.781080	-75392.741907	563
-75087.661049	-75176.819590	564
-74307.150054	-73572.650550	565
-77222.812860	-78714.152937	566
-80601.211035	-80286.799270	567
-74974.573651	-74766.793182	568
-74698.388612	-77849.006439	569
-77014.718866	-79565.350983	570
-75599.797726	-78752.516316	571
-74634.509618	-75374.439326	572
-75272.177185	-76447.660947	573
-75478.895736	-76014.454827	574
-76632.929848	-77820.786435	575
-74192.474887	-77702.633131	576
-73870.820485	-73916.986385	577
-74194.527097	-74170.563608	578
-74686.748537	-75336.122685	579
-76854.677891	-77159.366018	580
-79673.767215	-80470.918528	581
-76396.595060	-78173.158921	582
-82358.759603	-79826.989508	583
-73346.133170	-77633.200475	584
-75935.245292	-75786.271282	585
-82098.315406	-80148.727538	586
-73786.315936	-72497.764227	587
-77586.639970	-78402.349560	588
-77613.499713	-78600.161389	589
-76697.401727	-78327.372401	590
-75775.262256	-78019.769855	591
-76484.444992	-77756.496109	592
-74673.963918	-76136.542334	593
-77739.839853	-79591.319000	594
-77819.785720	-79390.269512	595
-83169.727354	-80775.000624	596
-77457.368630	-78700.859754	597
-74465.168627	-77737.967658	598
-74294.918784	-77245.789477	599
-77253.573275	-78155.935680	600
-74040.293997	-73903.895148	601
-81192.834093	-80408.585831	602
-78688.509809	-79154.424894	603
-82371.024102	-79803.595556	604
-79849.104732	-81259.218456	605
-74943.010812	-76150.243379	606
-73845.215234	-73126.355594	607
-73833.932680	-73154.068230	608
-73750.806464	-73246.219060	609
-78431.599360	-79566.167256	610
-79984.651127	-82038.911593	611
-74119.313782	-74082.706794	612
-73844.144787	-71969.927191	613
-76085.930610	-78559.607249	614
-77467.786322	-78656.344941	615
-75769.824559	-78840.531957	616
-82725.803850	-80483.210844	617
-74729.955283	-75497.930249	618
-77133.827537	-78638.939908	619
-76082.696197	-78466.022297	620
-74817.206598	-77745.900949	621
-75581.993879	-74905.493661	622
-79993.306387	-81561.970787	623
-74614.508900	-77161.495971	624
-74694.290869	-77018.477285	625
-81419.422761	-79537.314938	626
-81476.089249	-79592.366819	627
-81272.249305	-79475.531282	628
-75759.707461	-77861.367987	629
-75697.471149	-77908.846011	630
-75945.944655	-77745.414196	631
-72961.184423	-77479.661502	632
-81237.594595	-79611.006265	633
-81035.102460	-79383.193412	634
-73728.571335	-73805.501061	635
-81682.420935	-79904.371236	636
-81712.905325	-79462.326487	637
-73095.521814	-77645.013106	638
-79447.627741	-79946.056170	639
-79480.162032	-80029.902511	640
-79407.030422	-79920.258751	641
-74126.562778	-72786.747620	642
-73958.928049	-72299.831608	643
-74010.185315	-72608.134673	644
-79705.951187	-80803.789077	645
-81507.076127	-81472.984782	646
-81446.862074	-80978.884619	647
-74151.957738	-73546.556363	648
-78914.628204	-78980.855678	649
-82329.278464	-81615.464684	650
-82329.327187	-81565.167391	651
-78642.177898	-79120.691390	652
-78811.416972	-79287.652669	653
-78453.554478	-79036.748434	654
-75715.550940	-78176.916363	655
-75948.864999	-78139.229543	656
-79954.362199	-79263.464728	657
-74337.591268	-74220.033256	658
-76677.318279	-78011.950767	659
-75229.203880	-75661.605742	660
-78052.762169	-78667.017843	661
-81190.372139	-80343.546252	662
-74715.928289	-76159.572056	663
-74641.095706	-75971.624133	664
-76263.150790	-78174.134617	665
-74545.081300	-74981.591640	666
-74537.866020	-74715.520444	667
-73866.956823	-73009.745509	668
-80234.360202	-79423.639693	669
-77704.690831	-78791.322113	670
-75326.268227	-77090.949700	671
-75440.270203	-77181.583155	672
-75297.535336	-77222.797657	673
-81877.068346	-80821.995571	674
-75159.038211	-75406.168819	675
-77739.776914	-79607.616645	676
-77853.835978	-79345.683213	677
-75580.035828	-76314.682761	678
-75394.232882	-76354.225569	679
-80246.878261	-78990.144890	680
-80181.211930	-78932.140872	681
-75632.338019	-78020.716443	682
-75799.232464	-78721.729411	683
-74253.779040	-74118.508914	684
-75288.586297	-78988.402999	685
-75193.751773	-79138.023493	686
-72699.810694	-77596.960257	687
-73737.906653	-73229.513421	688
-75230.309416	-76572.875725	689
-77697.790087	-79729.274797	690
-77623.935628	-79921.310497	691
-77749.606013	-79653.449495	692
-75782.140619	-77111.089774	693
-75595.734774	-77284.963954	694
-76458.255630	-77558.879372	695
-76013.000368	-77722.494073	696
-73108.843934	-77578.661253	697
-72977.575974	-77195.312011	698
-73076.194223	-77465.358068	699
-73082.983171	-77402.174985	700
-73209.155996	-77431.895082	701
-73230.164295	-77466.278672	702
-73321.339475	-77009.362966	703
-73938.591812	-73642.644006	704
-79870.913549	-81593.301020	705
-74484.676566	-73607.233225	706
-80098.349906	-82921.967041	707
-80072.467292	-82706.814361	708
-80124.308710	-83137.736502	709
-74043.595444	-73379.401963	710
-74180.787083	-73573.254884	711
-73641.539598	-78183.643946	712
-75809.146109	-77845.295366	713
-75513.565799	-78011.053853	714
-76236.242408	-78276.357449	715
-74416.988849	-74895.964313	716
-81774.352556	-79830.389671	717
-74359.224857	-77767.993897	718
-74227.318594	-77598.218565	719
-74245.682045	-77657.270319	720
-74251.385832	-77640.622581	721
-81527.977369	-80583.085235	722
-75149.812829	-76762.949344	723
-74662.546135	-76450.342721	724
-75070.857072	-76592.175115	725
-80075.135004	-80560.459339	726
-73518.005287	-72935.395518	727
-80020.911060	-82238.864667	728
-75438.412640	-78936.249698	729
-74382.373404	-79533.324440	730
-74585.677794	-78791.385172	731
-74625.902667	-79345.480914	732
-79930.023361	-81515.881876	733
-80212.357954	-82050.849549	734
-73942.404659	-78388.554160	735
-76560.811087	-77500.355629	736
-76683.185901	-77459.609966	737
-77103.225858	-77581.915943	738
-73846.782733	-73889.350794	739
-81627.121645	-79655.802065	740
-77855.666117	-79366.964167	741
-74101.096479	-73441.881697	742
-78868.742803	-79178.537747	743
-78897.817005	-78964.885305	744
-73504.967847	-77852.373559	745
-78866.191959	-79034.344728	746
-76527.526769	-78215.828060	747
-74454.031542	-79632.551122	748
-80942.253274	-79486.995365	749
-81080.471279	-79417.959633	750
-80996.301007	-79387.564837	751
-77105.589147	-80114.765875	752
-77192.048157	-79932.821165	753
-76220.797513	-78140.606101	754
-76183.454123	-78010.783260	755
-75148.826748	-79326.781129	756
-75326.366343	-78916.182148	757
-75476.151997	-78816.164488	758
-75137.566206	-79023.562025	759
-76403.988170	-78456.115531	760
-82285.490697	-81380.497771	761
-82192.441762	-81020.398743	762
-75886.518572	-77610.734916	763
-78865.290091	-79151.776417	764
-73687.001916	-71571.586625	765
-76237.491027	-76491.199409	766
-75465.675741	-77397.751097	767
-74445.352652	-74054.449961	768
-74471.862788	-73931.726214	769
-74276.702671	-78009.296570	770
-74228.369517	-77990.438903	771
-75727.370195	-77286.654420	772
-76054.129110	-77235.244960	773
-77383.697315	-78563.673150	774
-82017.467949	-80497.293231	775
-82144.614156	-81098.680804	776
-74398.025820	-74956.414502	777
-74939.544103	-77165.033721	778
-74918.056001	-77498.140913	779
-74608.090965	-76701.458988	780
-74221.807891	-74721.134086	781
-73687.444272	-77161.146911	782
-75313.844261	-74561.552405	783
-73978.297636	-72565.186656	784
-75937.340423	-78726.024878	785
-75621.997725	-78950.517692	786
-77098.236170	-78665.776268	787
-79909.600456	-81162.433953	788
-74541.746639	-74312.300453	789
-74801.597165	-73952.554594	790
-74584.147626	-74398.596255	791
-74937.857717	-77413.271628	792
-81627.496649	-79840.838537	793
-76306.956545	-77930.380465	794
-76342.739397	-77952.740008	795
-74043.242887	-73927.385926	796
-76646.320281	-77796.289978	797
-77482.461982	-79435.742463	798
-74593.544118	-72586.401633	799
-80764.177469	-80749.849406	800
-80703.179566	-80549.533832	801
-76135.067264	-77680.616515	802
-74831.796839	-75726.691645	803
-74891.377847	-75613.618025	804
-76433.258345	-77919.076291	805
-76418.313923	-77739.939822	806
-73818.197386	-73945.790303	807
-76898.599385	-77617.571082	808
-76812.451578	-77674.473085	809
-77354.975395	-77061.005129	810
-80648.458186	-79695.299820	811
-80680.779803	-79734.109807	812
-72599.745801	-77751.979687	813
-72787.772200	-77748.431005	814
-72577.457804	-77586.965140	815
-73356.974964	-72971.024710	816
-79771.645910	-81189.513682	817
-73829.945142	-73177.202974	818
-73848.690452	-73225.341793	819
-77556.793121	-79192.000583	820
-77573.749110	-79233.021106	821
-73904.374182	-77768.901521	822
-81535.212483	-79884.570484	823
-81441.515861	-79681.567085	824
-81529.351479	-79854.131333	825
-76440.769097	-77417.723075	826
-76554.897198	-77259.690207	827
-76564.481288	-76830.871383	828
-76192.614789	-77657.335302	829
-77372.005483	-79628.582264	830
-77287.903984	-79758.263180	831
-77392.577565	-79381.456249	832
-78105.707445	-78662.650178	833
-78094.468716	-78728.677583	834
-80153.840604	-83349.975601	835
-75083.494899	-77796.153794	836
-75189.988964	-77700.363624	837
-75406.097900	-77873.449947	838
-78006.727652	-78108.146361	839
-77780.162754	-78046.240194	840
-78278.979406	-78475.970438	841
-73918.738237	-77371.677476	842
-81879.455814	-80940.823080	843
-81835.019627	-80863.548140	844
-77983.243677	-78747.579040	845
-74315.567910	-78511.986280	846
-75005.434680	-75410.570509	847
-75068.635653	-74948.070980	848
-75187.057556	-75256.370567	849
-76641.282750	-77772.768650	850
-76653.806196	-77643.958950	851
-74480.115679	-76614.975185	852
-74600.159872	-76920.965776	853
-74942.304823	-78052.204884	854
-74524.665718	-77579.294977	855
-74757.074885	-77795.437193	856
-74845.000525	-77647.445199	857
-72951.004182	-77516.031522	858
-74063.015338	-73954.420559	859
-74043.849948	-73567.481276	860
-73658.839240	-73712.029850	861
-82726.744419	-80527.653426	862
-79972.181979	-82015.128228	863
-76990.245755	-78327.339724	864
-76956.463522	-78485.378725	865
-77117.855742	-78337.178315	866
-76894.520731	-78371.244357	867
-83210.677845	-80848.239720	868
-74972.300147	-76337.753022	869
-78575.600351	-78743.962561	870
-80492.183414	-79687.148151	871
-80858.947768	-79778.061735	872
-74671.187994	-73933.014142	873
-75477.557511	-78704.136195	874
-74439.488550	-77684.627886	875
-74410.116987	-77527.043214	876
-76168.767716	-75778.838870	877
-73951.816414	-72081.856115	878
-75876.686979	-77912.240721	879
-75896.006921	-77833.109015	880
-77239.673703	-78517.621531	881
-81760.653931	-79975.453221	882
-80498.721544	-80048.099972	883
-79804.448324	-81165.567442	884
-79797.893112	-81349.711276	885
-73943.399003	-71864.804196	886
-74476.708426	-74821.660492	887
-74490.279276	-77936.554166	888
-73940.623741	-77482.316075	889
-78500.628222	-78833.492382	890
-76209.785546	-78258.243501	891
-72467.510896	-77165.551758	892
-76608.930227	-77540.093964	893
-81221.237908	-79573.697439	894
-73858.531382	-74043.856721	895
-74072.327792	-74239.107108	896
-73742.583647	-73987.505499	897
-74114.382828	-74299.787371	898
-81283.445230	-80657.665958	899
-81150.508808	-80376.043769	900
-75910.432197	-78527.797151	901
-76056.734839	-78511.511942	902
-76114.271134	-78377.115743	903
-76069.327402	-78450.002825	904
-76012.879250	-78491.917719	905
-80821.184570	-79830.674774	906
-76749.027940	-77927.826678	907
-76614.268646	-77897.409975	908
-76083.807028	-77527.360945	909
-81200.755104	-80616.704179	910
-81230.890588	-80563.709108	911
-78583.447030	-78932.438232	912
-78507.171094	-78856.476580	913
-75781.667481	-78153.270318	914
-78378.570464	-79369.849469	915
-72723.569063	-77260.621839	916
-77637.867490	-79083.434347	917
-78020.116995	-78846.254182	918
-76150.183283	-77591.775445	919
-77621.121695	-78230.911652	920
-79795.439645	-80223.694144	921
-74683.813199	-75416.330083	922
-74629.974821	-75398.953893	923
-83352.751939	-80898.204458	924
-77003.007415	-78152.917353	925
-80572.129730	-81630.055964	926
-73993.756115	-73677.961237	927
-73931.067460	-73472.565186	928
-80946.172073	-80421.911765	929
-77614.512898	-78583.559354	930
-77553.884625	-78720.512380	931
-77533.166999	-78636.033751	932
-77473.470037	-79402.200971	933
-77437.526861	-79496.802311	934
-80436.954358	-82967.140803	935
-74890.464995	-75978.357982	936
-74923.724969	-75903.866366	937
-75694.457811	-74991.086554	938
-75915.848494	-75335.940940	939
-76807.704058	-77980.560765	940
-76361.361793	-77786.221444	941
-74471.956108	-74911.979796	942
-73958.663099	-77754.884181	943
-75390.958865	-77516.436285	944
-73960.134704	-72916.440557	945
-73946.983476	-73055.877820	946
-74519.955705	-77492.495705	947
-73977.519421	-72938.402733	948
-73949.315886	-72643.017203	949
-73982.387361	-73156.419298	950
-79837.794627	-80805.386952	951
-77454.586237	-79038.869150	952
-75203.428965	-77314.831939	953
-81855.274658	-80776.462926	954
-81734.248759	-80865.271528	955
-75742.324345	-77925.475516	956
-77835.669031	-79094.056736	957
-79846.165572	-81236.250565	958
-74594.911679	-72943.315850	959
-76522.954100	-77621.662699	960
-79646.231587	-79586.304024	961
-79545.750551	-79693.720586	962
-80607.335583	-78917.202410	963
-77364.773262	-79203.122427	964
-82799.576954	-80563.557679	965
-82997.250801	-80750.456144	966
-79911.544919	-82500.068817	967
-72839.253931	-77488.271879	968
-75764.662765	-76736.845156	969
-75580.395680	-76940.282308	970
-79478.405960	-79147.038880	971
-74629.512550	-74192.424061	972
-78303.871409	-78511.637871	973
-77152.427480	-78254.471614	974
-73958.180211	-77463.409159	975
-73982.302062	-77426.767934	976
-77355.966750	-77508.419737	977
-73715.088736	-72249.203775	978
-72371.665057	-77022.342546	979
-72700.620153	-77350.857595	980
-74523.786431	-76884.016190	981
-79931.300842	-80449.018849	982
-79769.479657	-80798.867566	983
-79841.249661	-80442.689873	984
-73709.159873	-71968.263305	985
-74737.976175	-74571.778299	986
-76840.095954	-77908.945884	987
-76737.317465	-77947.827119	988
-77093.393406	-77795.945730	989
-73629.305032	-77665.846248	990
-79705.009007	-80196.635883	991
-72785.067298	-77468.568209	992
-72723.610766	-77580.584804	993
-80671.697611	-80441.675942	994
-74540.919356	-77940.411003	995
-74529.720385	-77809.527144	996
-73992.556482	-73224.777341	997
-74269.648952	-72499.341469	998
-74073.424940	-73136.876657	999
-73991.148745	-73120.584864	1000
-81532.008147	-81164.050914	1001
-74751.411525	-73507.743725	1002
-74754.672164	-73527.728866	1003
-76865.772088	-79332.102705	1004
-75491.903215	-76241.945107	1005
-75569.613281	-76129.165699	1006
-75589.231164	-76282.655689	1007
-73787.766567	-72172.627404	1008
-80922.377809	-79950.276868	1009
-82441.558170	-80349.152215	1010
-72447.162888	-77745.051916	1011
-77943.157899	-78720.151821	1012
-72688.629621	-77377.576756	1013
-78301.157920	-78863.248934	1014
-75637.816549	-77567.304814	1015
-73682.263309	-77731.319774	1016
-73938.600997	-72149.383284	1017
-73074.391486	-77427.423702	1018
-77898.163851	-78769.806270	1019
-77893.846745	-79196.235429	1020
-73785.469052	-72090.226463	1021
-72737.693878	-77676.379427	1022
-72685.158536	-77696.059552	1023
-77618.711190	-78839.222063	1024
-74594.992559	-76997.593804	1025
-78422.676780	-79320.719818	1026
-76518.976071	-77678.061004	1027
-74009.119640	-73637.927620	1028
-77668.172418	-78568.881003	1029
-80326.145816	-79391.034455	1030
-77821.632653	-78733.266242	1031
-75091.063033	-76338.741966	1032
-75031.499181	-76400.802422	1033
-80047.488049	-82491.900111	1034
-73526.666109	-77757.926930	1035
-81759.489719	-79875.315645	1036
-78359.844450	-79389.793865	1037
-77276.285533	-79174.271773	1038
-80646.854086	-80359.574973	1039
-77863.897455	-78656.255734	1040
-76013.911350	-79115.173017	1041
-77147.427131	-78622.151947	1042
-76846.233516	-77773.131578	1043
-73988.507963	-73488.604734	1044
-77689.504265	-79014.431405	1045
-79618.647446	-80234.317015	1046
-76623.931490	-77880.899138	1047
-77960.351835	-79156.691296	1048
-74154.329711	-76642.272771	1049
-73731.767748	-72550.224243	1050
-71993.931132	-77575.418909	1051
-80408.237145	-80066.194291	1052
-74693.489937	-74295.734073	1053
-74681.634912	-74589.030426	1054
-76552.986555	-77582.520200	1055
-73771.030913	-71925.355889	1056
-75604.941900	-77031.134687	1057
-75560.900295	-76969.412187	1058
-75474.058023	-77202.699591	1059
-74371.247600	-76764.473011	1060
-73982.452210	-77313.073100	1061
-74413.098152	-76773.377748	1062
-74162.032008	-74536.786968	1063
-74393.749089	-74416.056618	1064
-81177.434317	-80326.306418	1065
-74642.030414	-75994.821174	1066
-74947.594572	-77435.011314	1067
-79739.803055	-80599.738147	1068
-77292.689282	-78446.364426	1069
-75376.647051	-77245.724227	1070
-75099.878138	-77174.510969	1071
-78028.499297	-78824.714045	1072
-74734.597468	-76011.815794	1073
-80060.314241	-79063.211057	1074
-80033.450454	-79153.575125	1075
-75241.508559	-77620.896391	1076
-75035.275533	-77417.636424	1077
-75252.538600	-77724.704695	1078
-75102.888906	-77620.438258	1079
-75057.633351	-77440.065857	1080
-73749.601796	-71874.621170	1081
-76594.898932	-78098.390372	1082
-80811.292881	-79284.268469	1083
-75439.531029	-74245.480943	1084
-75373.147217	-74416.205492	1085
-80675.796870	-79711.221621	1086
-79297.269920	-80865.440723	1087
-79336.519558	-81003.218719	1088
-79315.704396	-80674.041858	1089
-75937.897209	-78870.227908	1090
-74768.181451	-75434.643269	1091
-77624.723743	-77451.429507	1092
-77984.835824	-78941.201709	1093
-73051.012133	-77756.672493	1094
-81943.559496	-80914.461865	1095
-81939.519942	-80880.381602	1096
-76087.902592	-78412.992498	1097
-80834.933631	-79521.166306	1098
-80376.095077	-79864.535956	1099
-76961.730950	-78174.379293	1100
-79844.332349	-81207.428990	1101
-76214.150554	-78292.360913	1102
-79663.968287	-80630.636128	1103
-81401.701855	-80151.421392	1104
-81173.709519	-79721.950242	1105
-81403.541888	-79998.339697	1106
-74845.227019	-75466.704695	1107
-77446.683629	-78862.103137	1108
-75133.361603	-76662.391240	1109
-75139.545220	-76679.544250	1110
-75167.575263	-76808.481817	1111
-79667.660612	-80664.347050	1112
-73820.707827	-73707.547102	1113
-74559.145597	-79309.657227	1114
-81664.711423	-79713.193439	1115
-81850.128638	-79722.656321	1116
-79824.455883	-81567.519017	1117
-79918.829772	-81478.820288	1118
-77130.666457	-77615.565021	1119
-74652.452834	-73184.131632	1120
-74571.159773	-73228.779799	1121
-74561.886683	-73207.193218	1122
-76525.406745	-78023.776214	1123
-76323.602380	-77998.335646	1124
-78345.666083	-78561.933208	1125
-74461.809941	-77879.002397	1126
-76950.630632	-77717.388232	1127
-75481.707510	-77419.886689	1128
-74934.925762	-79295.311163	1129
-75346.281017	-79213.405165	1130
-74630.797773	-74175.118545	1131
-73803.450423	-72926.997777	1132
-81106.020953	-79646.597114	1133
-81408.710698	-79943.590090	1134
-74907.529366	-75997.968452	1135
-79440.649962	-79550.484459	1136
-79403.495330	-79808.663036	1137
-78109.832766	-78797.748909	1138
-75897.327900	-78014.820117	1139
-75306.377937	-74586.176707	1140
-76192.764793	-77215.358661	1141
-82843.859886	-80671.563781	1142
-82148.618864	-80573.182931	1143
-82744.753667	-80451.035338	1144
-74773.261702	-75891.320412	1145
-75280.360183	-77882.214117	1146
-74634.110390	-74216.808085	1147
-79760.298568	-80880.934733	1148
-79637.674922	-80999.375544	1149
-74501.189622	-74692.199736	1150
-74572.475532	-74420.838212	1151
-76429.697408	-77934.093264	1152
-75258.894739	-76500.921445	1153
-74014.597341	-77356.289829	1154
-74202.155847	-73948.465524	1155
-80491.724093	-80026.791091	1156
-79443.668169	-80276.083266	1157
-79382.660290	-80111.062672	1158
-81387.623626	-81003.855474	1159
-81340.167575	-80747.590073	1160
-73852.898761	-73248.986308	1161
-82039.821675	-81265.155441	1162
-81846.064181	-80911.845264	1163
-82025.925718	-81205.937448	1164
-75192.177088	-74936.491607	1165
-81476.071258	-79777.950110	1166
-81517.152980	-79834.583150	1167
-77581.105976	-78385.732354	1168
-77925.275656	-78353.773679	1169
-74671.848307	-77671.035818	1170
-74728.685023	-77713.077347	1171
-73879.342393	-72249.519596	1172
-76566.409437	-77995.821122	1173
-82071.362947	-79837.624221	1174
-82040.440071	-80253.416131	1175
-75218.585116	-77666.490379	1176
-81972.031542	-81092.482503	1177
-75150.283701	-75005.097530	1178
-74206.345489	-73978.490798	1179
-76946.252766	-78463.436391	1180
-74628.714380	-76414.386827	1181
-75023.065230	-74322.864182	1182
-74845.125064	-77902.357454	1183
-74863.687652	-77773.472679	1184
-73300.934529	-77732.598437	1185
-81940.166423	-80157.698349	1186
-73828.196579	-73844.989108	1187
-73833.663659	-73767.292504	1188
-77024.374900	-78519.163880	1189
-78375.752164	-79484.278754	1190
-74393.333050	-77794.199818	1191
-76452.359622	-77656.572998	1192
-76187.421040	-77760.524689	1193
-79705.718123	-82240.727161	1194
-79342.809290	-80344.959793	1195
-79339.323673	-80483.583771	1196
-79658.379536	-80823.843042	1197
-77102.800636	-77853.796134	1198
-74198.781674	-74195.243893	1199
-74218.595677	-73918.879441	1200
-78319.278480	-79661.694070	1201
-78271.976857	-79843.601231	1202
-78105.667784	-78706.929470	1203
-81515.196580	-80117.231620	1204
-80639.513893	-80337.924626	1205
-73668.728207	-71502.516396	1206
-76321.749382	-78302.711340	1207
-75841.348970	-77095.143545	1208
-75076.330916	-75441.735386	1209
-75028.545387	-75473.068768	1210
-73945.059352	-71888.662454	1211
-74335.986602	-74324.745405	1212
-77557.393175	-78062.002769	1213
-76150.249299	-78537.702619	1214
-75018.227139	-76417.100015	1215
-80234.771232	-80709.812006	1216
-78512.077397	-78780.882931	1217
-78589.727869	-78788.986452	1218
-76048.729470	-77804.061210	1219
-77249.670783	-78389.458046	1220
-77250.592403	-78327.754164	1221
-74233.215639	-74740.203234	1222
-83334.015205	-80732.866823	1223
-74790.567328	-76056.603205	1224
-73894.805178	-73209.192379	1225
-76471.114896	-74857.515131	1226
-76329.029419	-77734.188971	1227
-74806.026474	-75913.553484	1228
-75907.138853	-75538.179286	1229
-76241.313093	-75970.666238	1230
-76134.034572	-75759.631577	1231
-76114.594224	-75199.771348	1232
-79371.075826	-79996.678626	1233
-74467.807584	-74933.974979	1234
-77661.515970	-78590.812103	1235
-73120.607231	-77799.347536	1236
-80037.692111	-82467.543218	1237
-76832.746245	-78087.867723	1238
-81719.106134	-80746.751328	1239
-81758.910223	-80782.531553	1240
-74587.371320	-73014.684090	1241
-75216.100771	-78364.854667	1242
-77859.634433	-79279.233935	1243
-75738.689928	-76531.971745	1244
-75217.025286	-76613.052989	1245
-74629.485713	-78022.324747	1246
-74003.466065	-73287.184169	1247
-81261.057109	-80482.462613	1248
-77707.146044	-78549.946034	1249
-81606.984372	-81921.457340	1250
-73955.860085	-72873.062055	1251
-82991.225606	-80728.660728	1252
-71953.066391	-77417.272771	1253
-72144.537226	-77506.203962	1254
-81608.813779	-79981.321711	1255
-72003.425683	-77513.510269	1256
-72165.330446	-77546.719210	1257
-79525.653162	-79205.754328	1258
-79478.519665	-79122.911394	1259
-74171.526092	-74566.539650	1260
-76814.077756	-78444.675332	1261
-74454.223768	-75694.462702	1262
-76080.436904	-78267.187870	1263
-79357.292260	-80300.773305	1264
-72615.182789	-77054.579668	1265
-79762.935312	-80687.996797	1266
-75703.684789	-78934.045654	1267
-72501.725540	-77340.913093	1268
-75618.328411	-76876.673250	1269
-74431.428836	-74154.575165	1270
-73696.404495	-71594.492810	1271
-75080.516843	-74400.045959	1272
-81633.681889	-81354.672124	1273
-73947.827056	-72584.415607	1274
-81474.251569	-79703.077029	1275
-77891.089757	-78628.748754	1276
-75029.637295	-75997.493841	1277
-82553.898942	-80823.973915	1278
-72718.719483	-77481.099700	1279
-76060.990052	-78288.107817	1280
-75970.087724	-78292.550916	1281
-75665.724317	-77466.342395	1282
-73875.509825	-72628.694830	1283
-77144.067676	-78543.440693	1284
-77915.300728	-79134.456245	1285
-77288.904938	-79157.325810	1286
-83608.941153	-80948.704594	1287
-83458.015869	-81007.757374	1288
-74948.320148	-79213.892805	1289
-77160.490033	-78606.008787	1290
-73896.114388	-71525.663079	1291
-79948.725816	-79240.540735	1292
-80926.037807	-79005.234892	1293
-77114.782223	-80094.848652	1294
-82122.861427	-81351.415176	1295
-76082.439505	-75297.841270	1296
-78459.880288	-78960.692098	1297
-72863.155281	-77820.193907	1298
-74312.358414	-74974.487898	1299
-82346.377819	-80649.515744	1300
-76732.423597	-77986.971878	1301
-74150.877970	-72841.291999	1302
-73992.729508	-72967.231514	1303
-74858.978625	-76409.480691	1304
-74664.536500	-77201.750023	1305
-74768.160129	-77498.567902	1306
-74632.935588	-77058.017289	1307
-74778.167010	-77175.714533	1308
-74726.500269	-77034.714404	1309
-73932.874171	-73509.946887	1310
-73908.436495	-73359.181367	1311
-74911.574995	-79182.708011	1312
-74987.421433	-79177.334265	1313
-74795.086948	-79239.823189	1314
-76012.572553	-77836.985054	1315
-81453.572905	-80414.794777	1316
-82042.985761	-81164.712791	1317
-76164.349252	-76652.968006	1318
-80834.785463	-79348.326186	1319
-80893.726427	-79402.839637	1320
-80545.813838	-79198.899039	1321
-80906.413423	-79456.680410	1322
-76028.788628	-75039.377849	1323
-78457.389469	-78987.211507	1324
-81623.741820	-81335.209846	1325
-77013.002886	-78358.016463	1326
-83466.563847	-80939.842898	1327
-75125.032932	-75822.786221	1328
-81167.112892	-80306.033378	1329
-79435.102823	-82971.237016	1330
-82284.060660	-81544.635825	1331
-82010.247733	-81147.192743	1332
-80750.196504	-80705.450022	1333
-75992.766944	-78115.016988	1334
-76891.422275	-77673.581963	1335
-76814.592497	-77692.589520	1336
-75307.996960	-77246.799068	1337
-75225.420014	-76976.081300	1338
-75323.651484	-77164.603836	1339
-74316.222758	-77938.345573	1340
-76090.985189	-77820.207754	1341
-73966.189009	-77338.257912	1342
-78189.055111	-80178.752261	1343
-78149.347583	-80339.415645	1344
-78230.541874	-80011.179557	1345
-81825.353171	-80885.764297	1346
-81742.444224	-80995.406955	1347
-74674.178252	-73951.427082	1348
-74283.899085	-74665.448827	1349
-74358.269572	-74699.790463	1350
-77640.355748	-79879.540332	1351
-77334.481002	-77634.214721	1352
-76271.355676	-75103.886525	1353
-81653.174230	-80081.733784	1354
-81570.155734	-80005.945698	1355
-81130.704870	-80483.377621	1356
-72499.922728	-77182.629373	1357
-80957.393490	-79524.935796	1358
-78520.800044	-78679.359049	1359
-78410.517593	-79003.137817	1360
-77196.335287	-78025.354478	1361
-77066.787208	-77966.305034	1362
-74709.367846	-73748.927942	1363
-74471.013955	-74356.411674	1364
-74106.915637	-74385.085931	1365
-74510.997693	-76719.801409	1366
-74418.089413	-76638.008054	1367
-77327.552814	-80070.570213	1368
-77026.213925	-80240.165621	1369
-76477.497200	-77904.415338	1370
-79759.587659	-82042.810994	1371
-74429.452646	-75003.981741	1372
-77701.471462	-78996.408187	1373
-79547.993795	-79049.893476	1374
-76162.201331	-77866.551883	1375
-77126.858577	-80149.018990	1376
-73811.191875	-73337.595659	1377
-73628.873679	-77829.485221	1378
-76018.345820	-77994.285976	1379
-76220.579113	-78071.176670	1380
-76201.557849	-78106.312447	1381
-72839.258621	-77696.655814	1382
-77300.477292	-79139.202281	1383
-77611.054355	-77980.426888	1384
-74580.190950	-73786.390066	1385
-74636.888604	-79533.722562	1386
-80407.292592	-79689.059315	1387
-80012.990064	-82190.844548	1388
-74462.789567	-73978.914260	1389
-77031.294225	-78115.487722	1390
-76768.214437	-78049.447845	1391
-77182.173177	-78076.725174	1392
-74001.946541	-72854.176451	1393
-79675.365750	-80398.026991	1394
-73600.497992	-71539.770375	1395
-74804.399246	-75972.113811	1396
-74881.324407	-75839.504636	1397
-73867.292856	-73660.228080	1398
-76271.670729	-78580.520325	1399
-76099.011772	-78580.178913	1400
-75760.262314	-77942.590028	1401
-74654.820086	-75214.138231	1402
-75579.880219	-77855.110155	1403
-78599.858007	-78724.963913	1404
-78487.488125	-78697.615696	1405
-78421.852651	-78730.865111	1406
-78514.645825	-78805.027353	1407
-76623.627918	-77314.403437	1408
-72204.719071	-77525.121945	1409
-71994.740456	-78036.655966	1410
-73680.610268	-77093.564096	1411
-74070.474891	-77495.593105	1412
-76796.322727	-77627.582224	1413
-77042.616472	-80203.175341	1414
-76240.568319	-78445.952222	1415
-73730.574277	-71648.296490	1416
-72575.213023	-77645.330312	1417
-76948.321131	-77333.012984	1418
-76849.782089	-77411.701843	1419
-77047.766335	-77293.171640	1420
-76803.785151	-77717.585854	1421
-75868.411304	-75555.238074	1422
-74511.836540	-77854.914144	1423
-76620.186669	-78412.116200	1424
-74390.679665	-74439.450681	1425
-75630.095230	-77487.494271	1426
-74666.328970	-75241.470338	1427
-74945.176951	-75462.171679	1428
-74390.410334	-77616.814148	1429
-74341.144317	-77452.500930	1430
-74264.945679	-77491.888648	1431
-79376.873503	-79974.017097	1432
-75104.441923	-75320.987696	1433
-75264.591024	-77907.635817	1434
-75203.382561	-77809.208048	1435
-75903.527208	-77011.192653	1436
-78875.369509	-79131.059473	1437
-76118.599597	-77613.554043	1438
-74737.624410	-75917.294337	1439
-74802.879323	-77920.259087	1440
-74867.770614	-77793.956829	1441
-75121.646094	-75843.950787	1442
-81878.719330	-79976.216865	1443
-76834.660656	-78265.353853	1444
-77005.760352	-78410.897559	1445
-72004.073983	-77484.524361	1446
-81244.587096	-80157.995285	1447
-81224.367387	-80189.747706	1448
-73678.890989	-77697.377460	1449
-76137.169304	-75240.146693	1450
-76424.952717	-74834.135918	1451
-75924.581399	-77924.016977	1452
-75922.960867	-77870.205886	1453
-76030.700144	-75554.612437	1454
-78003.579060	-78698.426703	1455
-75136.724810	-77655.909456	1456
-76703.607070	-78521.478738	1457
-76604.532715	-78622.494370	1458
-73035.283949	-77447.895342	1459
-72950.294266	-77353.184598	1460
-76947.389755	-78217.195608	1461
-75436.355229	-74961.480196	1462
-74054.177283	-73974.262266	1463
-76889.227164	-78124.160532	1464
-80841.752038	-79736.718396	1465
-75649.489550	-77856.853570	1466
-76402.183274	-77452.797564	1467
-75972.070409	-76847.377106	1468
-81231.408536	-80521.303883	1469
-74404.659601	-75236.203854	1470
-75739.131107	-76770.286583	1471
-74461.632422	-74955.622004	1472
-75692.606935	-78233.416531	1473
-72546.636913	-77681.428177	1474
-77864.466315	-78410.669606	1475
-75280.181657	-79485.380446	1476
-72958.803972	-78256.742879	1477
-75743.411997	-78001.654771	1478
-77395.083083	-78489.097573	1479
-77767.051078	-77928.167332	1480
-77485.673269	-78579.323705	1481
-77303.897233	-78425.511532	1482
-74615.226366	-75442.734948	1483
-83318.583305	-80802.743692	1484
-83296.209415	-80773.216768	1485
-83225.753618	-80804.255976	1486
-83624.900613	-81500.485173	1487
-75959.052812	-78840.693880	1488
-79810.709962	-82130.357178	1489
-78859.296409	-78841.871974	1490
-77897.881314	-78612.180941	1491
-75848.270627	-78563.909874	1492
-75829.853187	-78595.872034	1493
-75609.906334	-75985.600688	1494
-81297.914902	-79647.756956	1495
-74817.787921	-75952.526639	1496
-78181.903368	-78421.650613	1497
-73543.307918	-77897.281195	1498
-73415.424432	-77559.969955	1499
-73544.218604	-77576.582463	1500
-79591.930460	-80179.648051	1501
-79673.862288	-80145.321648	1502
-75094.108300	-75105.668406	1503
-75203.382317	-74840.443411	1504
-73333.562773	-77806.360833	1505
-76572.646843	-74882.726562	1506
-81763.024992	-80671.125580	1507
-81744.891824	-80762.664570	1508
-75558.249154	-78972.438261	1509
-73115.142291	-77681.385757	1510
-77174.158147	-78589.621159	1511
-76058.080750	-75521.848483	1512
-80622.450695	-79598.574641	1513
-81535.777043	-79635.148555	1514
-77797.894196	-78558.376335	1515
-81105.978322	-79697.485934	1516
-81050.381728	-79653.504601	1517
-77869.334300	-79322.372687	1518
-79895.972046	-79651.688202	1519
-79587.100211	-79618.075326	1520
-75514.636423	-78865.915828	1521
-73696.594649	-77768.891109	1522
-78193.506374	-78761.520202	1523
-79320.317811	-80650.491054	1524
-75832.508490	-75451.250404	1525
-74930.619596	-76574.450407	1526
-79847.881600	-78965.708115	1527
-76980.386477	-77883.971231	1528
-77002.258609	-77920.001762	1529
-73797.914227	-72106.392578	1530
-82047.930712	-81286.994335	1531
-80633.375945	-79385.519746	1532
-75453.082753	-77057.947736	1533
-77898.018245	-79611.192302	1534
-79956.959052	-81497.086526	1535
-74182.952978	-72751.666865	1536
-74034.652210	-73263.352928	1537
-74090.284002	-73195.422572	1538
-74111.120001	-73095.514543	1539
-76013.889996	-78312.873383	1540
-75917.270510	-78472.043607	1541
-75371.178331	-78515.186461	1542
-73697.388626	-71618.012921	1543
-74172.328765	-76699.373175	1544
-74165.228353	-76513.632299	1545
-77929.080221	-78505.964124	1546
-77827.714213	-78709.316576	1547
-76241.473937	-78557.770301	1548
-75505.955829	-77485.016630	1549
-77432.508600	-78944.590694	1550
-75482.378129	-76258.354512	1551
-75655.489864	-76053.707060	1552
-74663.015896	-74526.036800	1553
-74586.809621	-74559.792005	1554
-75705.547765	-78860.321497	1555
-73765.310724	-73197.871216	1556
-74831.008418	-77192.044079	1557
-81078.302848	-80695.218192	1558
-76763.031900	-77746.833656	1559
-75690.168975	-77642.121858	1560
-75652.796211	-77363.806682	1561
-75668.649845	-77425.230451	1562
-75202.568277	-75138.322784	1563
-75062.822724	-75055.144035	1564
-75146.729565	-75029.047694	1565
-76077.035622	-77779.607880	1566
-76128.930247	-77700.197746	1567
-76124.162079	-77739.636494	1568
-80348.493331	-79848.640831	1569
-73019.952712	-77535.920260	1570
-77399.635420	-79537.679600	1571
-76582.766949	-78056.594601	1572
-76718.219986	-78067.771023	1573
-79880.221925	-82593.447270	1574
-72416.571009	-77304.785845	1575
-77893.695126	-79020.533153	1576
-77673.832321	-79169.029276	1577
-77799.894980	-78955.252435	1578
-79856.182779	-81946.800537	1579
-73457.167974	-77696.240902	1580
-73786.910041	-73504.050037	1581
-81887.101211	-80091.912523	1582
-81770.597983	-79995.016286	1583
-81307.668625	-78379.779713	1584
-80286.262571	-79343.628628	1585
-75048.692761	-77538.397794	1586
-82195.201773	-81128.799953	1587
-82140.824593	-81206.866891	1588
-74205.194306	-74002.366378	1589
-75164.237274	-75599.555403	1590
-72816.046948	-77561.875144	1591
-82061.599149	-81226.189752	1592
-75440.232982	-77445.703542	1593
-76606.251492	-77436.512446	1594
-75005.106625	-76436.279364	1595
-75385.551574	-78887.789975	1596
-77459.488794	-78845.528289	1597
-80001.139161	-79027.536865	1598
-80231.894750	-79135.213556	1599
-81002.540664	-79315.406375	1600
-81763.395734	-81381.071649	1601
-75414.284809	-76107.559919	1602
-74095.530546	-73472.381005	1603
-77665.534505	-78432.583588	1604
-77597.137894	-78474.887419	1605
-77686.466769	-78530.351335	1606
-76545.493540	-78150.566293	1607
-72142.870637	-77036.281529	1608
-81944.329565	-81067.077252	1609
-77401.077000	-77577.493680	1610
-76230.746361	-77897.039753	1611
-76273.962015	-77992.381241	1612
-76300.699868	-77803.985474	1613
-80626.446122	-79319.909798	1614
-74731.300680	-78014.406047	1615
-79464.878846	-79896.900430	1616
-77966.338603	-79133.504047	1617
-79937.112020	-79213.550414	1618
-82096.095229	-81318.167332	1619
-83588.443622	-80911.866029	1620
-75257.873832	-74755.978638	1621
-74608.626159	-77668.572820	1622
-76142.283442	-75393.383977	1623
-78130.289173	-78996.576821	1624
-78043.307364	-78923.517552	1625
-78133.435089	-80507.270829	1626
-78072.985942	-80654.896418	1627
-81365.447960	-79792.874479	1628
-81503.234298	-79817.896174	1629
-80545.472402	-79387.161209	1630
-81058.560428	-79636.923878	1631
-76054.605136	-78908.418272	1632
-75868.468583	-78796.188724	1633
-75201.947554	-74897.180170	1634
-79607.640752	-81987.530179	1635
-74360.724669	-75079.443143	1636
-73690.384847	-78049.549182	1637
-73565.128471	-77801.613984	1638
-73604.633659	-77736.211637	1639
-73723.044993	-77648.366210	1640
-73692.565547	-77669.942120	1641
-73637.870978	-73070.615141	1642
-78404.548152	-79140.676268	1643
-78354.512899	-79323.407978	1644
-78326.516452	-79299.259357	1645
-73788.074285	-72137.946426	1646
-82813.611532	-80722.540806	1647
-78827.850508	-78946.233464	1648
-78912.175769	-78929.281812	1649
-75766.415739	-74847.647124	1650
-74676.899655	-79279.054814	1651
-72904.238963	-77636.551833	1652
-76531.859524	-77824.254113	1653
-76645.699418	-77963.851780	1654
-76686.561914	-77875.910162	1655
-77121.037830	-80071.692891	1656
-75804.110859	-77970.508458	1657
-81481.681515	-79611.105252	1658
-81392.246727	-79415.643620	1659
-73961.607517	-72347.800744	1660
-81428.663951	-80938.841399	1661
-72201.380488	-77096.030379	1662
-71288.205547	-76513.464260	1663
-80645.907333	-80221.260215	1664
-74629.329777	-76942.379395	1665
-81372.005303	-79968.565113	1666
-81332.912543	-79897.884938	1667
-77376.130554	-77552.670358	1668
-75133.090588	-77472.305276	1669
-79667.081606	-80453.946043	1670
-79459.454755	-80332.459429	1671
-79669.551001	-80366.609030	1672
-81357.719786	-79751.585582	1673
-73054.916541	-77136.821925	1674
-73199.534739	-77506.639189	1675
-73238.683288	-77542.781470	1676
-79982.921100	-81966.266338	1677
-74225.397858	-73618.878192	1678
-74180.163632	-73707.212253	1679
-79390.679656	-79219.481626	1680
-72284.569903	-76762.904162	1681
-77669.075951	-79482.683299	1682
-82156.844518	-81162.659881	1683
-79815.315487	-81530.174562	1684
-79896.149556	-81442.010726	1685
-75723.768082	-77775.548449	1686
-74883.023937	-79202.103526	1687
-75109.170423	-75991.838886	1688
-78916.921831	-79500.951239	1689
-74508.257042	-74538.738138	1690
-80146.926043	-83303.765377	1691
-75300.360871	-74606.841782	1692
-72516.148990	-76862.003137	1693
-74381.042958	-74760.968331	1694
-75297.597077	-79067.819403	1695
-83353.349838	-80840.447172	1696
-74705.882342	-75197.782493	1697
-74464.768036	-75713.090348	1698
-74541.882933	-75778.142907	1699
-82115.361134	-81043.140733	1700
-82034.149650	-80975.439729	1701
-82151.918658	-81068.246061	1702
-80629.415581	-80316.498889	1703
-77312.255759	-79722.360305	1704
-75691.773562	-78806.035064	1705
-78109.688430	-78686.965682	1706
-79449.815563	-79285.882233	1707
-82880.475704	-80586.902790	1708
-73043.554643	-77516.659062	1709
-73265.956866	-77708.707244	1710
-80620.308794	-79676.935322	1711
-75018.819589	-75573.948347	1712
-76136.014521	-75435.224876	1713
-74828.253734	-79263.339882	1714
-74178.509638	-74588.390603	1715
-76673.433936	-78366.138652	1716
-75543.393407	-77890.937653	1717
-74162.810812	-77545.518981	1718
-73945.218046	-71912.609370	1719
-75651.143728	-78726.369262	1720
-75532.430698	-78772.365788	1721
-82078.467218	-80033.890062	1722
-82050.837643	-80115.063827	1723
-81264.981437	-79743.809377	1724
-79480.823419	-79097.813478	1725
-76097.024859	-78506.679250	1726
-76428.152255	-75626.992087	1727
-74571.057841	-74445.500484	1728
-79759.835231	-80858.011320	1729
-74755.016774	-79421.210272	1730
-79391.999639	-79880.810145	1731
-76706.892388	-77285.965350	1732
-81083.206070	-79505.582289	1733
-74128.065771	-72919.699894	1734
-79663.224308	-80530.201641	1735
-74584.509459	-73038.490381	1736
-82909.552578	-80635.793501	1737
-81580.549520	-80058.973260	1738
-74980.435440	-75922.598967	1739
-73978.586860	-73071.907197	1740
-73947.813948	-72774.768357	1741
-76126.792726	-78190.899514	1742
-76103.313744	-75411.836305	1743
-76104.093355	-75467.041575	1744
-75000.254036	-76077.294936	1745
-74745.312456	-73574.575656	1746
-80486.403174	-80003.557720	1747
-75207.706426	-75699.218603	1748
-74076.633359	-77613.633563	1749
-74909.012842	-75742.582338	1750
-77763.241242	-79526.547423	1751
-74726.971124	-76207.037060	1752
-74215.742118	-73732.232452	1753
-76953.340085	-77991.244486	1754
-78072.635834	-80800.008239	1755
-73860.903194	-73271.881550	1756
-82225.040981	-81282.077813	1757
-75841.138820	-75651.539423	1758
-74574.981665	-77056.485564	1759
-73895.947431	-73374.003927	1760
-80141.439079	-79052.514655	1761
-79483.083743	-79072.895725	1762
-76732.562499	-77716.357095	1763
-77866.175148	-79004.291665	1764
-80880.596714	-79422.091199	1765
-74214.839172	-73758.253573	1766
-75153.880623	-76715.789449	1767
-81155.745828	-80288.001813	1768
-74661.191605	-76035.278646	1769
-76607.404083	-77342.330823	1770
-76507.208595	-77389.004769	1771
-74560.001702	-75886.815187	1772
-75223.686200	-77134.145022	1773
-75398.266663	-76837.022258	1774
-81358.059065	-79447.680501	1775
-73149.123609	-77697.382861	1776
-80919.109710	-79284.241084	1777
-75623.362607	-79010.183029	1778
-75042.026073	-79112.254890	1779
-76063.565961	-78355.729067	1780
-76093.526194	-75648.187446	1781
-72948.038447	-77689.687212	1782
-77411.980196	-77791.250346	1783
-77591.469236	-78671.521113	1784
-72843.055551	-77265.457251	1785
-77952.418199	-78312.138142	1786
-79723.520249	-80042.487454	1787
-81025.074673	-80111.142256	1788
-75308.386056	-79009.537387	1789
-77278.629973	-80290.673157	1790
-80088.098675	-82850.503936	1791
-77955.736018	-79291.655509	1792
-73083.984478	-77035.219686	1793
-75210.713393	-74668.295913	1794
-73238.472173	-77914.885592	1795
-80009.251282	-82167.827681	1796
-82815.034829	-80694.862882	1797
-74182.689547	-77927.606634	1798
-74303.694219	-78120.077147	1799
-75861.271209	-75419.309821	1800
-74104.810779	-73676.593643	1801
-74561.866211	-74469.625302	1802
-72235.606320	-77455.584869	1803
-72322.102779	-77566.522285	1804
-74055.804508	-77511.838011	1805
-75588.787740	-76904.056719	1806
-81308.295266	-79705.221825	1807
-79761.830464	-80643.337193	1808
-73950.471297	-73540.714361	1809
-81217.851320	-79544.172779	1810
-79937.731996	-79193.646328	1811
-81199.515782	-79881.815415	1812
-74970.773007	-75482.637038	1813
-77513.320757	-79376.607600	1814
-75149.223974	-77746.186860	1815
-75365.236728	-78121.195651	1816
-78878.718301	-79107.880694	1817
-74727.301057	-78044.808752	1818
-74740.451053	-73597.044845	1819
-79862.192490	-82903.247869	1820
-73065.950117	-77607.016557	1821
-72807.477250	-77620.582282	1822
-77712.194732	-78976.797607	1823
-74580.624129	-73061.948481	1824
-79451.657274	-79474.554447	1825
-75769.999790	-77795.048527	1826
-74638.155185	-76963.472266	1827
-76003.341728	-77890.912947	1828
-79638.447801	-80025.423416	1829
-74362.328903	-74388.755411	1830
-77882.754890	-79526.731607	1831
-73022.334205	-77374.048988	1832
-74551.152095	-75798.406220	1833
-83004.606857	-80705.601083	1834
-80831.278666	-79715.874194	1835
-81202.353589	-80500.552947	1836
-75823.437866	-76681.999841	1837
-80267.159429	-79382.171795	1838
-79365.494210	-80253.467900	1839
-73761.609894	-71944.921672	1840
-74609.413495	-75465.002676	1841
-83303.774501	-80859.499773	1842
-83313.147081	-80925.990152	1843
-75984.010240	-75220.402758	1844
-75247.280293	-74724.309231	1845
-73868.178291	-73292.234672	1846
-75856.915774	-77834.962220	1847
-75755.725809	-77877.716964	1848
-74114.981993	-77944.571060	1849
-73946.988921	-77670.642606	1850
-74021.125724	-77819.663735	1851
-74006.047256	-77788.875334	1852
-79640.935543	-80121.818476	1853
-72818.852938	-77781.869737	1854
-74968.318584	-75591.629924	1855
-75188.214793	-76641.978416	1856
-74664.894849	-74860.276232	1857
-79432.628631	-79593.757726	1858
-74647.327136	-75813.024891	1859
-74375.715597	-78084.236510	1860
-71677.761516	-77152.238732	1861
-74401.066429	-77887.860817	1862
-71624.900613	-77266.602187	1863
-74086.573690	-73704.243437	1864
-75486.301875	-78905.163016	1865
-76893.353774	-78141.723087	1866
-76706.429147	-78190.963899	1867
-76336.117110	-77434.037700	1868
-76317.201914	-78319.715760	1869
-73943.218714	-71792.078435	1870
-73974.507966	-71847.370397	1871
-81646.747264	-80529.107612	1872
-74615.730905	-74507.975481	1873
-81590.125277	-79733.401507	1874
-72464.357422	-76758.116316	1875
-82293.745477	-81299.467970	1876
-82332.463360	-81362.355756	1877
-75666.254141	-77386.053161	1878
-75709.717642	-77540.309956	1879
-74284.754425	-74014.011693	1880
-77879.058006	-79302.066222	1881
-72874.380464	-77323.056476	1882
-79887.192249	-81420.043693	1883
-77955.622601	-79089.031178	1884
-76278.024113	-78429.556955	1885
-81612.386929	-81314.135465	1886
-80316.457316	-79321.465264	1887
-80518.446885	-79414.379675	1888
-80560.455518	-79473.763155	1889
-74173.231428	-73799.645566	1890
-76511.075318	-77524.504461	1891
-75013.310950	-75514.488875	1892
-81332.381060	-78977.670634	1893
-76124.460762	-75256.901521	1894
-75527.437105	-77913.196173	1895
-75080.120909	-76271.886135	1896
-81788.729586	-80117.490468	1897
-77703.223169	-78508.973871	1898
-75321.331145	-79031.749982	1899
-80520.120452	-79290.260492	1900
-76338.158626	-77717.758546	1901
-81224.948116	-79438.402321	1902
-83505.509591	-80972.189840	1903
-73774.713943	-72007.230663	1904
-74876.224963	-77294.222628	1905
-78919.533253	-78908.306639	1906
-73947.284487	-71936.139912	1907
-76520.186055	-77843.828645	1908
-78472.511461	-78915.545135	1909
-74564.168182	-76827.614540	1910
-81807.938555	-80016.844893	1911
-78010.514797	-79110.709954	1912
-81419.871055	-80917.667903	1913
-76194.971371	-78204.111818	1914
-76089.460780	-78218.908643	1915
-80946.892944	-79897.215798	1916
-81616.560280	-79934.118220	1917
-75965.748052	-77760.563448	1918
-81145.182756	-80045.649350	1919
-75946.144939	-78673.086914	1920
-80616.566919	-79575.578682	1921
-74216.781412	-77455.029868	1922
-80431.797032	-79759.095144	1923
-80395.617294	-79741.546790	1924
-76212.110606	-78311.634010	1925
-74919.460803	-79124.150692	1926
-82964.750962	-80682.624290	1927
-82871.588702	-80614.329948	1928
-82142.258174	-80886.717527	1929
-75488.585569	-77260.319789	1930
-80054.339426	-82615.368080	1931
-80029.880130	-82420.808680	1932
-75785.594741	-77203.535108	1933
-75292.594825	-74630.780049	1934
-75255.284909	-78968.172151	1935
-76372.790441	-77591.019227	1936
-72158.481154	-77480.169491	1937
-82081.797487	-80958.177755	1938
-79391.617527	-80074.894853	1939
-81704.659949	-79800.152610	1940
-81963.840729	-81047.997463	1941
-74613.413330	-74237.187588	1942
-73479.218899	-73523.597177	1943
-73948.548825	-72365.531130	1944
-78284.472816	-79798.823400	1945
-74390.705852	-74462.788775	1946
-73682.472551	-73345.735449	1947
-76171.471110	-78515.486827	1948
-79963.964044	-79354.072573	1949
-74475.351378	-73678.914960	1950
-80575.314126	-79755.452201	1951
-78503.770919	-79270.363735	1952
-73927.501802	-72197.294144	1953
-76438.204642	-77997.649742	1954
-73806.405506	-73066.188746	1955
-76491.860387	-75025.226764	1956
-82213.354619	-81335.056235	1957
-82301.024361	-81521.607953	1958
-80772.300028	-79036.450484	1959
-74423.053962	-74201.763421	1960
-74128.317881	-77474.310811	1961
-73338.866129	-77674.132708	1962
-77773.176142	-79505.811871	1963
-80189.622693	-80384.780159	1964
-78011.665571	-80895.644601	1965
-77907.192348	-78594.747253	1966
-76973.638857	-78067.592945	1967
-76562.402556	-77791.540270	1968
-77017.554286	-77729.985908	1969
-79670.269446	-80279.669259	1970
-75681.767197	-78709.592190	1971
-73903.919477	-73395.967158	1972
-75690.930540	-77081.287067	1973
-73455.538681	-77637.880310	1974
-80868.848143	-79374.747046	1975
-78163.377669	-80294.481221	1976
-81671.263462	-81437.347375	1977
-78523.098246	-79299.602830	1978
-76206.542927	-78610.529365	1979
-76117.424146	-77970.491332	1980
-74379.898858	-77336.574976	1981
-74813.467290	-77418.713418	1982
-74670.259696	-76055.884596	1983
-76821.955070	-77849.640204	1984
-81325.465673	-79679.637922	1985
-79854.306741	-79526.499414	1986
-75300.897923	-77203.497379	1987
-76637.971053	-78039.133243	1988
-81246.784456	-79900.310790	1989
-81422.531489	-80327.283278	1990
-76291.335428	-77960.954095	1991
-81756.854586	-80643.478978	1992
-81629.827804	-80807.653563	1993
-81723.515102	-80727.137318	1994
-82070.542792	-80515.258866	1995
-76096.127178	-77717.983680	1996
-75895.917219	-78045.289334	1997
-77603.379825	-78652.422798	1998
-74925.545825	-73219.286711	1999
-79846.008591	-81139.782595	2000
-75364.441703	-77692.916835	2001
-74123.316801	-74428.500241	2002
-75406.179945	-76978.450298	2003
-72051.559033	-76951.109238	2004
-79460.040257	-79238.301341	2005
-78093.403726	-78385.030115	2006
-72965.212410	-77308.622275	2007
-72170.237136	-77078.100189	2008
-77198.884594	-77760.242978	2009
-80938.236080	-79875.720310	2010
-72727.232432	-77561.448223	2011
-72688.395006	-77533.481007	2012
-74549.375070	-73276.811276	2013
-76992.236340	-80402.040021	2014
-77087.998913	-80222.788936	2015
-77059.775509	-80360.082684	2016
-75635.631009	-78278.143680	2017
-76142.773587	-78036.903283	2018
-76345.668080	-77392.431216	2019
-82019.940246	-79785.501202	2020
-74485.018975	-73753.954341	2021
-75975.923629	-78801.037187	2022
-78143.156916	-80401.343005	2023
-75707.905152	-77722.912741	2024
-75679.298701	-77747.406399	2025
-74197.061969	-77899.640180	2026
-80061.609402	-83161.709025	2027
-80153.728310	-83383.134492	2028
-77881.806136	-79241.599543	2029
-75883.834117	-77156.273064	2030
-75968.510576	-77159.763462	2031
-76011.737916	-77209.887157	2032
-73613.813383	-72888.551351	2033
-74095.628635	-73592.958072	2034
-75528.659155	-77284.718157	2035
-73223.695303	-77597.407991	2036
-72841.014806	-77611.092919	2037
-77917.402602	-78575.958869	2038
-74534.888864	-74577.376053	2039
-74550.688258	-74490.228213	2040
-75530.187888	-79021.406529	2041
-74926.921996	-76130.113113	2042
-76903.300656	-80200.368449	2043
-74571.534143	-76853.161017	2044
-74898.873855	-75767.986838	2045
-81937.250807	-81031.722202	2046
-75400.385287	-76170.980342	2047
-74452.517307	-77980.887689	2048
-77218.347433	-77590.842736	2049
-74175.848156	-77511.018914	2050
-81102.575610	-79450.337763	2051
-80737.481363	-80661.235826	2052
-75307.191494	-77831.990872	2053
-75270.480190	-77769.455120	2054
-75721.900638	-77234.101324	2055
-74852.436455	-77940.821548	2056
-74882.399385	-77813.427702	2057
-76501.736770	-77881.723195	2058
-81662.839124	-79963.840676	2059
-76944.558904	-78301.670276	2060
-76963.963435	-78270.545500	2061
-75632.865541	-77441.546125	2062
-74645.044609	-79194.441604	2063
-78921.566882	-78885.300766	2064
-75960.214398	-77658.929503	2065
-74588.025549	-75657.241232	2066
-74532.249859	-75750.103234	2067
-72128.021948	-76927.654618	2068
-77397.793023	-77733.700810	2069
-77026.747303	-77679.226783	2070
-82367.653550	-81492.705584	2071
-73638.792423	-77604.344215	2072
-73514.427626	-77515.498720	2073
-76631.099861	-78590.428141	2074
-73022.567297	-77354.888276	2075
-72890.773921	-77299.919041	2076
-74222.070008	-73818.526726	2077
-74063.407703	-74021.168055	2078
-80824.254271	-79649.207366	2079
-80822.648650	-79694.321541	2080
-81113.191472	-79591.349227	2081
-74887.796077	-77312.897817	2082
-74807.854819	-77086.690492	2083
-74995.745084	-75611.119757	2084
-76877.521433	-77653.184663	2085
-77383.625870	-78304.355412	2086
-77328.335789	-78389.277673	2087
-75701.901086	-77134.603940	2088
-83277.412355	-80756.851584	2089
-78057.688817	-78764.180666	2090
-74840.656673	-77115.737970	2091
-74803.478868	-77140.550121	2092
-80548.535398	-79806.079697	2093
-80921.836175	-80291.537275	2094
-77527.452544	-78978.339534	2095
-75815.481149	-78652.778105	2096
-81892.359743	-80843.547111	2097
-74798.933320	-75991.610475	2098
-74571.051740	-75841.792261	2099
-74590.634020	-74379.264765	2100
-73344.943956	-77486.344191	2101
-74781.138630	-73411.598449	2102
-74892.802924	-75785.852546	2103
-72721.825861	-77503.096023	2104
-76912.090663	-78319.605941	2105
-76888.510421	-78335.782650	2106
-74184.038821	-77526.116482	2107
-73167.563659	-77782.817590	2108
-73270.438759	-77880.633414	2109
-73054.963880	-77677.480175	2110
-76010.385709	-78035.124656	2111
-78433.719261	-78936.498871	2112
-74651.643836	-74025.887965	2113
-74569.767255	-77560.513194	2114
-73953.681307	-72546.466914	2115
-73958.279354	-72667.221874	2116
-75105.184913	-75863.344629	2117
-81219.257539	-79846.501628	2118
-81090.161274	-79857.086209	2119
-81171.920175	-79776.868198	2120
-74526.827517	-76749.938542	2121
-73882.548454	-73871.295747	2122
-79416.062013	-79856.688855	2123
-79376.738970	-80148.218331	2124
-79365.660725	-80229.878365	2125
-77927.561439	-78985.799193	2126
-73829.988444	-72676.804448	2127
-76888.638353	-77833.475530	2128
-73521.240532	-77666.020630	2129
-72767.747112	-77539.299781	2130
-74395.139302	-76608.816431	2131
-75475.931495	-78844.165043	2132
-73616.997749	-71744.329108	2133
-73717.804188	-71665.960595	2134
-74465.536040	-76858.080427	2135
-78058.713675	-78879.851562	2136
-80477.912407	-79253.679437	2137
-77455.411985	-78907.521642	2138
-75431.959069	-76315.981277	2139
-75459.320272	-76276.974724	2140
-75731.026468	-75974.846363	2141
-81386.585269	-79556.779396	2142
-79567.219197	-79676.745416	2143
-79595.888428	-79539.894217	2144
-79565.499432	-79773.487087	2145
-74079.274877	-73836.237804	2146
-82311.180175	-81418.406426	2147
-75550.128503	-77392.720256	2148
-75487.495217	-77335.089517	2149
-72903.685957	-77673.572038	2150
-75217.151999	-75169.416061	2151
-75098.273744	-75150.726100	2152
-75132.796006	-75074.560318	2153
-74591.362535	-77979.174783	2154
-75801.888460	-76876.194607	2155
-73611.465964	-77851.513669	2156
-74494.803754	-75641.170274	2157
-72825.277036	-77413.197410	2158
-72831.016775	-77453.914062	2159
-79733.886527	-79887.945573	2160
-77962.172828	-79066.630006	2161
-73592.042810	-77622.233040	2162
-79975.443144	-82087.256209	2163
-75396.202873	-77090.115525	2164
-74967.423703	-76519.535049	2165
-80312.933576	-79298.705614	2166
-80699.257395	-79778.965731	2167
-75047.447409	-75285.867763	2168
-78363.698593	-78811.152048	2169
-75408.210266	-77468.273501	2170
-76558.137779	-78658.928108	2171
-82179.740451	-81444.264747	2172
-72322.437037	-77485.206996	2173
-72381.962318	-77433.355593	2174
-72272.038289	-77677.935513	2175
-72248.056822	-77430.031378	2176
-79571.764645	-79791.380530	2177
-75459.358124	-76191.066841	2178
-80490.816881	-79273.275801	2179
-79933.487353	-79171.354879	2180
-76839.637098	-77878.673447	2181
-76013.267558	-75600.131196	2182
-74073.370640	-72745.785703	2183
-81932.871468	-80111.721835	2184
-80624.635034	-79637.349895	2185
-80583.475408	-79530.486321	2186
-77390.290728	-79662.989590	2187
-76000.894580	-78759.460825	2188
-75966.471511	-78820.061128	2189
-77197.252553	-78554.640579	2190
-74771.399655	-73458.893338	2191
-77974.896733	-80830.088611	2192
-78372.600944	-79253.667961	2193
-77779.837883	-79483.461029	2194
-79767.297033	-80012.421788	2195
-79703.751089	-80131.124607	2196
-79665.324519	-80095.945593	2197
-74424.814759	-73796.503049	2198
-75135.397783	-78981.419361	2199
-75119.801979	-78998.447426	2200
-76786.064045	-78032.320108	2201
-82531.540946	-80602.796234	2202
-81703.544745	-79639.048033	2203
-74977.010071	-79234.434514	2204
-75551.841950	-77306.910929	2205
-81331.256848	-79498.462708	2206
-73962.338851	-72396.095418	2207
-81410.083858	-80897.638200	2208
-80608.718805	-79553.517770	2209
-74309.925288	-74548.223940	2210
-74394.068269	-74486.092294	2211
-76726.541715	-77857.931287	2212
-73917.900344	-72989.857377	2213
-73941.204155	-73019.040840	2214
-74516.845512	-76789.538873	2215
-79675.217703	-79643.618923	2216
-74089.221831	-73737.634332	2217
-81680.849477	-81456.861963	2218
-78603.492865	-78705.280952	2219
-74571.056755	-74603.593198	2220
-80324.796956	-79786.144798	2221
-75334.555122	-76626.641484	2222
-79868.011424	-81457.904165	2223
-79878.679784	-81398.771313	2224
-72559.740020	-77537.112623	2225
-82231.767928	-81317.783099	2226
-74276.759876	-77674.534576	2227
-74243.889115	-73871.909365	2228
-76817.860185	-78353.600615	2229
-80169.006837	-83502.516396	2230
-79962.800375	-81918.181987	2231
-80139.030746	-83257.047022	2232
-78122.492801	-80454.824922	2233
-82133.177058	-80929.488714	2234
-74213.059377	-74022.344175	2235
-74212.244605	-74084.372002	2236
-73931.360674	-73564.294832	2237
-76939.663236	-78051.303391	2238
-75388.784745	-78949.404256	2239
-77035.030363	-78042.367133	2240
-80525.303331	-80132.338390	2241
-80559.723631	-79343.860023	2242
-77330.747629	-79681.938701	2243
-80041.355330	-82540.974063	2244
-73901.343950	-73792.609565	2245
-73248.064731	-77690.575985	2246
-73378.752780	-73915.922305	2247
-75176.191676	-74967.469914	2248
-73791.346815	-72848.320203	2249
-73873.564444	-73317.056075	2250
-74453.422413	-77412.672076	2251
-73947.891552	-71961.296300	2252
-77149.513231	-78431.131685	2253
-76974.404538	-78085.990911	2254
-78521.412478	-78760.822093	2255
-73890.834406	-72269.928182	2256
-81552.345552	-79973.524231	2257
-75596.899313	-75200.430049	2258
-79411.831297	-79832.437444	2259
-74061.002706	-77395.839716	2260
-75593.055676	-77967.945604	2261
-75185.769709	-75737.190409	2262
-75239.823482	-79091.474387	2263
-75852.180570	-75497.112285	2264
-78451.211127	-78877.495487	2265
-80475.730091	-79957.990087	2266
-74474.897322	-73703.272329	2267
-80620.399602	-80269.705853	2268
-75746.537983	-78891.519667	2269
-75163.296990	-75875.697372	2270
-74984.871925	-76473.044639	2271
-74735.856868	-73619.876053	2272
-81672.944695	-80584.433683	2273
-73913.510161	-72329.047427	2274
-73116.002891	-77489.251800	2275
-81883.929455	-80073.617582	2276
-73137.035747	-77471.301958	2277
-78039.577143	-80769.175393	2278
-75001.418164	-76059.760996	2279
-73406.095289	-77539.507978	2280
-81920.265799	-80020.640687	2281
-74212.037905	-73780.106559	2282
-73880.144829	-72701.240411	2283
-74849.034380	-79314.998425	2284
-74204.093545	-73964.037751	2285
-76721.655214	-78464.631075	2286
-74953.550716	-75524.614116	2287
-74470.191138	-73726.519435	2288
-73997.327362	-72897.349544	2289
-80514.639935	-80190.909496	2290
-79486.481726	-79518.646224	2291
-73466.396090	-77582.308334	2292
-80937.577224	-79367.763295	2293
-74104.048875	-74276.670645	2294
-77966.849638	-81021.759834	2295
-77430.525870	-79479.189985	2296
-81097.945704	-80201.065064	2297
-81445.071032	-80500.093505	2298
-81133.972200	-80249.949960	2299
-73545.172933	-72668.908263	2300
-76361.286773	-77607.028932	2301
-76339.979085	-77655.918970	2302
-75298.934710	-77298.336927	2303
-74522.603569	-77784.741716	2304
-74488.288297	-77828.155339	2305
-76019.332948	-78232.513342	2306
-81188.715427	-79686.833449	2307
-81452.192421	-80256.139709	2308
-81481.412352	-80389.512190	2309
-81413.492676	-80356.822419	2310
-82111.937080	-81186.236352	2311
-82061.466457	-81118.305687	2312
-78168.385189	-80271.161021	2313
-81869.026681	-80961.916246	2314
-73223.361691	-77624.817301	2315
-76225.408610	-77548.451791	2316
-80614.023128	-80247.518732	2317
-77621.331470	-79899.018717	2318
-77664.176363	-79813.964412	2319
-81714.033648	-80708.366850	2320
-81733.997283	-80432.913292	2321
-77533.194479	-79312.158817	2322
-75886.618144	-78449.109846	2323
-81458.722587	-80059.037015	2324
-74776.737551	-79349.846901	2325
-77515.622229	-78794.318264	2326
-77613.137352	-78632.285024	2327
-74147.853123	-74366.495735	2328
-73272.605453	-77654.013548	2329
-80575.029200	-80171.001812	2330
-78128.312792	-80432.091533	2331
-72913.575366	-77652.529633	2332
-72998.177079	-77660.232242	2333
-74187.409819	-74487.446569	2334
-74137.398347	-74449.949827	2335
-75767.151773	-77160.934760	2336
-74549.225539	-73353.955429	2337
-74588.107084	-73325.072748	2338
-74607.811382	-73377.206604	2339
-74558.686370	-73299.013514	2340
-77023.062695	-80311.795339	2341
-76999.613128	-80285.563912	2342
-74701.541160	-77694.682852	2343
-74309.794942	-77697.113991	2344
-73958.979296	-72498.661432	2345
-74947.667150	-77364.714806	2346
-74259.469269	-73665.355393	2347
-77988.204083	-80986.285546	2348
-79243.932116	-80219.291843	2349
-75529.619679	-77357.149466	2350
-73067.866177	-77737.471467	2351
-74287.111766	-78034.360152	2352
-74237.150685	-77962.822472	2353
-76164.174142	-77286.864887	2354
-75805.830709	-77135.967522	2355
-81695.403302	-79681.433962	2356
-74972.372404	-76101.647124	2357
-75071.124736	-75943.578072	2358
-75015.153532	-76030.488560	2359
-72255.930365	-76997.403368	2360
-80730.177024	-80638.593461	2361
-75110.634051	-75883.904135	2362
-75089.968295	-75901.841431	2363
-75071.233179	-79057.153953	2364
-74679.634002	-76076.872001	2365
-79419.966455	-79042.290748	2366
-74899.352589	-77330.680068	2367
-74115.722702	-72814.942399	2368
-76573.905422	-77943.902185	2369
-74767.397515	-75260.179021	2370
-73971.572167	-73035.488351	2371
-76384.914761	-78274.404545	2372
-75211.539041	-77963.332619	2373
-73776.620070	-71734.593690	2374
-78884.664613	-79059.783661	2375
-74202.755392	-74047.109110	2376
-74204.005158	-74066.117191	2377
-74861.987811	-77970.483124	2378
-74826.937822	-77884.737615	2379
-74691.333227	-77123.346055	2380
-73886.197298	-72220.651416	2381
-77047.855160	-78094.016344	2382
-81891.171984	-80986.689628	2383
-72859.742995	-77372.337490	2384
-75838.097230	-77793.781721	2385
-73926.356531	-73982.614779	2386
-77199.135251	-78496.866316	2387
-80909.807415	-80005.003749	2388
-81038.253390	-80146.320519	2389
-74290.362952	-77543.214094	2390
-72490.634730	-77555.387001	2391
-81015.186593	-79433.423172	2392
-81171.965924	-79523.978849	2393
-79884.747807	-81374.539333	2394
-74238.600218	-74342.972803	2395
-74219.183756	-74277.080906	2396
-74542.350315	-76597.043090	2397
-74751.032596	-77157.000356	2398
-74247.870332	-77619.139509	2399
-75592.491210	-78925.802717	2400
-76363.009691	-77474.619454	2401
-81186.904113	-80457.949922	2402
-75634.620798	-77181.104514	2403
-75165.474250	-79112.297038	2404
-75074.198565	-79091.911979	2405
-77279.405463	-78298.655322	2406
-77339.739576	-78365.601458	2407
-74729.883896	-77753.924575	2408
-83194.319306	-80864.677784	2409
-83251.331521	-80820.550221	2410
-75950.753071	-77293.425416	2411
-74990.300338	-77509.858816	2412
-72565.050273	-77485.959447	2413
-75862.291864	-78636.097874	2414
-81104.515955	-79488.164974	2415
-77970.641979	-79046.263754	2416
-76293.742038	-77634.443927	2417
-74440.999638	-75022.088040	2418
-80026.967450	-82373.646385	2419
-72515.241722	-77422.278035	2420
-72029.596429	-77393.986690	2421
-75884.469399	-78275.490249	2422
-73194.114391	-77815.661693	2423
-73268.927861	-77781.670569	2424
-79771.387170	-81074.740145	2425
-75905.381684	-78169.332526	2426
-75844.196585	-78074.202473	2427
-74852.598932	-79155.887677	2428
-74523.277830	-77961.395801	2429
-76022.607912	-77861.199185	2430
-80583.355619	-79514.158295	2431
-82297.953663	-81401.951214	2432
-75552.748898	-78882.066258	2433
-79406.896641	-80206.101208	2434
-76799.252869	-78162.672208	2435
-76833.713751	-78071.319509	2436
-76767.565487	-78105.940724	2437
-73874.866695	-72604.938957	2438
-80690.774761	-79503.284879	2439
-80582.670015	-79496.139258	2440
-81638.188316	-80003.171062	2441
-79568.332764	-79750.043447	2442
-75387.034036	-77120.811809	2443
-76061.711874	-75321.886261	2444
-72927.203100	-77589.737851	2445
-73047.833195	-77576.735761	2446
-72964.270432	-77557.557431	2447
-80618.783874	-79243.167565	2448
-74467.364210	-76664.630244	2449
-82156.289039	-81408.474356	2450
-72247.127505	-77038.806153	2451
-73995.081869	-73241.527214	2452
-75964.785117	-78372.019076	2453
-73750.254877	-71769.016855	2454
-73714.167426	-71688.168642	2455
-76029.605529	-75368.329729	2456
-80417.636036	-79884.804495	2457
-73700.567643	-77020.591217	2458
-73590.618560	-77024.430809	2459
-83237.858564	-80032.668857	2460
-74955.211693	-75647.702124	2461
-76066.339809	-78250.691598	2462
-75967.460966	-78199.871806	2463
-81020.302439	-79620.174229	2464
-80438.508457	-79822.358685	2465
-74497.346934	-76901.899406	2466
-80388.180212	-79618.322862	2467
-79676.402658	-80074.509828	2468
-72871.138456	-77459.547190	2469
-72914.512923	-77391.321921	2470
-75286.394730	-75122.349455	2471
-74992.158269	-75556.536241	2472
-81593.542349	-81274.805153	2473
-74624.799420	-79273.058018	2474
-74719.157793	-77736.379349	2475
-75693.849958	-76808.273200	2476
-72123.270818	-77462.336589	2477
-75274.273473	-76556.340961	2478
-78049.926717	-80746.586123	2479
-76718.133695	-77840.790816	2480
-80307.278914	-79276.497877	2481
-74331.830549	-74990.842000	2482
-76202.661595	-77615.904274	2483
-72323.081416	-77595.451315	2484
-72316.560234	-77515.495315	2485
-81016.220430	-79595.377127	2486
-81285.544920	-79589.780120	2487
-73956.212439	-72806.978850	2488
-77010.617045	-78026.438286	2489
-73467.491305	-77774.991826	2490
-80550.223948	-80031.786221	2491
-75889.691481	-77063.630498	2492
-80324.807486	-79654.579640	2493
-73919.300963	-73854.947174	2494
-74044.075588	-73860.957282	2495
-74196.156994	-78339.132954	2496
-77335.244638	-79084.482962	2497
-77770.064042	-78455.686606	2498
-75956.696823	-78407.577690	2499
-78380.805934	-79231.837808	2500
-81828.835907	-79952.855655	2501
-77789.633030	-79463.066884	2502
-74511.255920	-76807.812579	2503
-77879.760882	-78383.672948	2504
-73978.916272	-73811.776165	2505
-72974.111789	-77619.132524	2506
-76564.947469	-77864.041823	2507
-74004.661508	-72470.149780	2508
-77724.934521	-78481.046843	2509
-76244.706716	-78478.852164	2510
-75858.169067	-78774.684186	2511
-74037.615361	-74102.181153	2512
-73976.876716	-72420.104829	2513
-74197.597135	-77581.058098	2514
-72187.378013	-77015.332281	2515
-73781.694074	-72055.157545	2516
-79490.248601	-79023.044486	2517
-81650.016649	-81396.340019	2518
-81256.875641	-79776.088813	2519
-75880.145883	-78670.513612	2520
-75092.241778	-77565.006884	2521
-73280.991008	-77579.374221	2522
-74088.585466	-73763.448214	2523
-74475.390887	-74183.197930	2524
-74564.604196	-74626.095586	2525
-80413.614891	-79715.762349	2526
-80136.067631	-83231.511097	2527
-81232.291572	-79821.736144	2528
-80926.947220	-79857.010944	2529
-81006.836954	-80070.345258	2530
-80478.131553	-79325.821486	2531
-80166.075800	-83478.683306	2532
-75657.581887	-77253.865230	2533
-82156.906673	-81245.835272	2534
-76492.354092	-77968.091794	2535
-75632.809043	-77829.692941	2536
-73108.156367	-77625.130683	2537
-73193.223960	-77526.651507	2538
-75812.997136	-77184.604507	2539
-76142.593342	-78330.804952	2540
-74666.394361	-75312.407939	2541
-77467.791770	-78889.820034	2542
-78132.627366	-78623.675277	2543
-72686.240209	-77212.045865	2544
-76946.947859	-80382.108502	2545
-79842.544262	-81116.679277	2546
-80614.891331	-79617.117237	2547
-74645.773819	-74048.784080	2548
-77245.415603	-78480.561918	2549
-76840.417864	-78402.697713	2550
-81635.564312	-79880.058219	2551
-75447.373439	-76207.141870	2552
-72846.978516	-77760.669057	2553
-82037.743505	-80131.705151	2554
-82004.840130	-80079.848429	2555
-73651.955163	-77204.749993	2556
-76286.046463	-78384.323018	2557
-76215.248840	-78411.782313	2558
-73971.567045	-72834.761516	2559
-75201.144515	-75802.937216	2560
-76718.664958	-77775.524834	2561
-72063.799398	-77176.058390	2562
-75449.656489	-76294.016028	2563
-81693.255892	-79936.079597	2564
-81828.683109	-81125.532695	2565
-80061.177356	-82574.341941	2566
-78432.492649	-79195.782526	2567
-76771.202155	-77245.557383	2568
-75838.467718	-75588.961655	2569
-75934.766284	-75514.623758	2570
-82677.032829	-80580.056708	2571
-72745.860837	-77333.537081	2572
-72731.351039	-77301.421705	2573
-79305.078501	-80769.958206	2574
-81588.600824	-79907.183026	2575
-75232.479560	-74819.563280	2576
-74453.922339	-76690.744437	2577
-75912.078393	-78754.732380	2578
-73885.067577	-72724.684639	2579
-74411.522199	-74247.913270	2580
-73448.328777	-77758.958035	2581
-75174.268190	-75755.365315	2582
-72915.512966	-77737.243769	2583
-78036.829687	-78421.583273	2584
-76375.058800	-77514.786509	2585
-76070.956778	-77645.490394	2586
-80516.080591	-80110.948396	2587
-82721.749598	-80505.045791	2588
