6687.266221	371.810716	1
6137.839036	385.180769	2
-3924.078515	-345.224597	3
-3375.781950	-310.727067	4
3394.248902	3839.356201	5
3075.396965	3390.735351	6
-245.135685	-1468.195542	7
196.800666	-1794.596689	8
196.693455	-1791.968416	9
-713.795458	-1179.194759	10
202.826197	-1791.130782	11
201.043452	-1788.743403	12
-11403.313911	-2075.151514	13
-10859.963053	-1985.683885	14
-11946.503009	-2158.154511	15
-3878.545145	-2531.267985	16
-4234.750589	-2111.848978	17
-11328.004111	-6792.279036	18
-11174.157416	-6266.298923	19
-11426.499700	-7333.958254	20
-11290.462547	-6802.084086	21
-11508.466123	-7877.672634	22
9753.663859	1737.118535	23
10268.510510	1935.628621	24
9239.888415	1539.005666	25
-9205.245374	-1730.718535	26
-9755.151334	-1850.250872	27
-8655.427464	-1612.188469	28
-1596.086018	-117.042471	29
-1046.370053	-116.117978	30
-13515.237264	-4989.420942	31
-13296.462688	-4485.480790	32
-10305.232114	-1970.508039	33
3374.509105	-5.767965	34
3922.071951	-29.626208	35
2851.753317	66.234565	36
-13014.498753	-2583.358774	37
-13562.304882	-2620.825700	38
-12459.751049	-2467.549157	39
-13553.131152	-2697.858284	40
-13531.150376	-2786.448523	41
-13438.426468	-2934.763233	42
5556.918198	11242.694041	43
5477.519742	10698.960196	44
2282.017108	84.686935	45
1713.492450	103.668822	46
3461.605929	4437.662076	47
3219.025908	3939.778460	48
3703.478605	4936.463071	49
-9957.555651	-4114.459876	50
-10019.879256	-3569.097340	51
4495.283173	217.001464	52
5044.409213	268.370849	53
3947.440293	166.477252	54
-16354.531344	-5469.106588	55
-15936.440303	-5109.062835	56
-16797.943285	-5792.645809	57
-15155.233996	-3076.309460	58
-15695.279156	-3164.572138	59
-14626.610289	-2927.410685	60
595.092424	-18.622367	61
46.646187	8.751608	62
-10626.421870	-3571.878855	63
-10523.452280	-3031.436611	64
-10729.540935	-4113.348371	65
7214.105036	502.616039	66
7757.194068	591.724358	67
6684.492320	445.673334	68
-2239.252333	492.936103	69
-1703.271055	373.840373	70
-2743.961000	690.217571	71
8301.696345	681.075146	72
1064.473141	94.712346	73
579.971934	-27.506956	74
1430.465403	503.700007	75
-14093.734893	-2813.193703	76
4130.547021	8078.176897	77
4189.469443	7536.522035	78
4026.864865	8614.879898	79
-1674.256940	-165.956975	80
-2302.482547	-215.861590	81
1587.512453	1031.677161	82
1863.941429	1508.006962	83
1104.639868	1266.377297	84
5274.580820	1134.875540	85
4818.042093	829.461769	86
10784.149282	2121.218067	87
3943.056737	9159.528387	88
3067.089054	3380.843932	89
3314.559957	3871.660411	90
2717.273630	2957.874166	91
2421.119153	2465.793091	92
2977.237266	3443.023647	93
-3135.902794	701.203985	94
2248.140298	440.143623	95
-10539.890909	-3573.932609	96
-11719.613525	-8881.041423	97
-11608.790762	-8345.448895	98
-15519.085685	-4749.742381	99
2343.255864	5331.302797	100
2619.416790	4857.820488	101
-1153.934030	301.353406	102
-633.238880	127.140687	103
-7563.517361	-1377.663529	104
-8109.798705	-1494.467611	105
-7017.268613	-1262.180005	106
2717.640769	4915.625217	107
2501.141329	5419.053445	108
2991.950788	4438.449934	109
-14693.326811	-4014.000910	110
-14281.591669	-3646.048261	111
-15105.833187	-4381.424353	112
4780.217151	6804.123852	113
4487.869894	6356.952248	114
-12669.860555	-2957.114274	115
-11920.893039	-2335.392420	116
4044.568996	5367.482848	117
1825.309918	-2259.948988	118
2338.176883	-2460.615806	119
1318.289807	-2049.856028	120
-5924.050265	-1033.335404	121
-6470.978724	-1147.394769	122
-5377.058827	-920.111500	123
5466.443660	10151.087965	124
5331.766626	9614.373777	125
5701.718178	10688.386196	126
5203.159465	9075.367317	127
5075.150230	8539.212907	128
5123.760656	7926.241918	129
4811.943288	7474.979135	130
-501.585553	-30.697072	131
-14091.859992	-2764.510193	132
-14634.288633	-2861.063097	133
-2818.610898	388.829980	134
-2276.566977	313.581434	135
-1156.980003	293.436027	136
747.380935	1566.518796	137
-4612.693885	-1713.652433	138
-4995.350352	-1316.834720	139
-16100.330049	-3814.840836	140
-16618.098530	-3998.225568	141
-16610.910101	-4028.975414	142
-16549.340217	-4032.829972	143
-15588.141014	-3607.264235	144
-16590.927039	-4059.337982	145
5741.899224	11220.236185	146
5852.029377	11758.907324	147
-11382.282177	-2204.090035	148
-10847.097528	-2064.946915	149
-10431.026341	-2489.674596	150
-10202.068580	-2484.827783	151
2242.510103	437.054682	152
2217.909485	443.067387	153
-500.806145	-46.000173	154
2142.473310	1986.955040	155
-10942.578194	-5192.328325	156
-11089.681118	-5722.494996	157
-10859.161681	-4648.426318	158
5592.965239	313.761428	159
6654.688025	574.608771	160
6577.327949	613.383716	161
-13086.333356	-3975.940990	162
-12876.569774	-3467.294722	163
-10722.633843	-4631.184743	164
-10726.335427	-5180.122200	165
-14565.389103	-3193.252185	166
-13947.019191	-2990.514146	167
-15076.926809	-3399.906444	168
592.972469	-54.285302	169
-3759.456814	-610.569424	170
-4305.542758	-709.229863	171
-3212.791232	-512.903532	172
-1167.185986	250.986738	173
-10567.049515	-3576.696330	174
-10506.161536	-3569.818408	175
-10444.672616	-3578.976377	176
-10445.298487	-3574.443152	177
-10445.262323	-3572.129421	178
7791.732898	963.054470	179
7172.721649	768.694185	180
8209.269601	1158.251695	181
6233.478368	13363.855243	182
6100.867090	12830.483281	183
-6237.312896	-1608.104014	184
-675.911854	-1105.574177	185
-1115.671927	-778.548480	186
-167.875387	-1316.312785	187
-4872.168274	-747.382623	188
-4854.880559	-747.005325	189
3388.954985	-45.290201	190
3390.426039	-42.233247	191
3390.473218	-39.103558	192
3401.530749	32.833750	193
3401.922155	66.713569	194
3270.476279	419.960427	195
-19657.839461	-5295.139932	196
-19147.286490	-5126.052620	197
-20150.981537	-5538.576347	198
-2668.519692	-418.622504	199
-2123.865312	-325.308851	200
9937.381752	922.725698	201
9392.792952	860.185840	202
-2838.119260	-255.362015	203
-1175.439752	218.300634	204
4366.612776	6455.713893	205
4146.105573	5945.487876	206
4589.121745	6964.927686	207
4283.359698	6995.377995	208
5292.897839	8456.609134	209
5100.606989	7941.274939	210
5532.903866	8950.298418	211
-5012.271629	-1309.643112	212
-5009.266373	-1306.158619	213
-5004.220403	-1303.559257	214
8724.125738	1349.062900	215
-2160.279404	-250.585494	216
-1615.346675	-175.380170	217
-1654.198978	-608.059586	218
-1182.907108	-892.704151	219
367.581432	-1500.986110	220
-120.621184	-1249.845516	221
860.840834	-1746.828422	222
-21160.545672	-5976.595098	223
-20653.374995	-5766.401978	224
5480.189493	8984.532135	225
5239.260987	8490.727065	226
-1612.509635	-542.823470	227
-1591.698919	-190.459739	228
-1580.286661	-404.413101	229
-1579.482888	-399.022956	230
-496.708789	-153.115571	231
-17628.434008	-4463.205308	232
-18135.656502	-4683.393057	233
-17122.554365	-4243.687613	234
2823.148725	-2718.923786	235
-11226.568129	-6808.448456	236
3390.040503	3841.299582	237
-10101.764629	-3026.398683	238
2926.970812	4402.584806	239
304.915305	-1591.438057	240
4502.803803	448.825935	241
4832.714789	791.417144	242
8847.280962	770.637656	243
3947.757196	-22.582609	244
-1174.715668	215.834384	245
5434.322336	10151.284671	246
4747.267912	6841.170721	247
-1175.375557	212.702862	248
-1180.684570	186.149692	249
-498.568985	-150.663866	250
-11220.126469	-6811.579916	251
4390.248267	484.502155	252
593.489390	-49.570399	253
-6043.780162	-2122.722147	254
594.528414	-28.703678	255
5036.689166	7978.991476	256
5475.120856	8986.922217	257
-3673.535179	817.355702	258
4264.686101	5872.227656	259
4030.825606	5374.318092	260
5292.989642	1091.253487	261
-18641.169522	-4904.578543	262
-19646.004572	-5335.919121	263
-669.297063	-1100.374190	264
-11541.958911	-2729.273372	265
5035.859097	7974.284528	266
-1116.102987	-702.700054	267
4987.947837	7996.326100	268
1358.440886	-1972.339241	269
3948.893332	-8.806237	270
-3672.203002	814.876043	271
-3674.951038	812.005864	272
-13849.038851	-3306.912677	273
-619.375465	-1015.905129	274
-729.586156	-1202.560101	275
-498.706925	-155.744918	276
3704.848488	7530.112041	277
3833.969180	6997.120166	278
-18628.703328	-4927.493570	279
-496.327239	-148.135741	280
-498.344738	-145.008365	281
-1729.530410	242.943319	282
-608.756902	-990.948863	283
-606.432925	-987.301783	284
-496.395536	-142.109460	285
4011.814406	6476.199571	286
-2295.379527	311.259347	287
3942.256095	5432.508774	288
2338.066614	5328.940112	289
3977.437574	6469.381003	290
5985.634718	12292.320584	291
-11220.832726	-6814.105661	292
-11216.060294	-6809.009501	293
384.232416	-1463.526479	294
-16208.527724	-3362.366375	295
-16743.285437	-3485.836346	296
3972.649656	6466.625377	297
-6050.137418	-2125.175265	298
3949.934664	-5.986466	299
2113.707073	392.522266	300
-5350.307050	-1802.305996	301
-5666.911408	-1416.538237	302
-5054.031387	-2206.562407	303
-2222.956241	297.162028	304
340.147704	4629.799250	305
685.141635	4267.543285	306
-1.211988	4995.770349	307
3063.130565	1577.595408	308
3401.241677	1929.467794	309
2739.042462	1196.769313	310
7189.971859	418.589153	311
7688.852625	466.460923	312
5252.362562	1063.359065	313
5415.181304	8919.041408	314
5605.001943	9379.607348	315
3340.561409	3832.568793	316
3605.388998	4273.814314	317
3898.788933	-10.280884	318
-10990.047279	-5689.976758	319
-15643.981483	-3180.121842	320
2048.632290	4594.421598	321
2350.317917	4196.003153	322
5715.352493	9897.024595	323
5586.503922	9429.980296	324
-657.774856	-978.231980	325
-6018.913354	-2041.916624	326
-5833.439833	-2505.079217	327
-1129.962844	135.392761	328
2675.946846	4759.730442	329
2924.111366	4338.397948	330
594.136321	231.306986	331
592.243574	221.404681	332
575.463006	247.339531	333
618.486676	170.594212	334
10464.881456	991.527098	335
9886.784939	943.821450	336
-15491.338797	-5801.798992	337
-15215.878876	-5382.062847	338
-15779.885953	-6208.822094	339
-3548.613895	-1353.008656	340
-3894.979459	-995.649537	341
7619.451696	974.100010	342
4091.033686	2631.102879	343
4403.931396	3020.979881	344
3735.035390	2303.178878	345
-1158.045970	-695.324252	346
-7167.162639	-2792.561791	347
-7271.358654	-2305.316967	348
-7492.554598	-1834.980620	349
-7140.164854	-2785.635023	350
-7148.510893	-2790.204407	351
2392.832480	3336.850099	352
-6249.485056	-1581.082990	353
-5995.207489	-2012.097707	354
-655.150527	-973.347308	355
8687.632141	530.095115	356
8188.726782	514.915486	357
3877.167787	4693.879388	358
-14168.468328	-3690.903392	359
4946.744703	7255.700667	360
-5940.521409	-852.317676	361
-5444.568969	-805.123459	362
2648.554529	4709.370084	363
2946.600993	4307.930623	364
2262.356126	5119.803009	365
-14730.835281	-4509.922178	366
-15030.411236	-4908.750439	367
-14438.506468	-4102.853071	368
4365.048396	426.289265	369
-1770.798705	-337.390314	370
-1180.942774	-435.070674	371
-1178.796642	-400.562513	372
3524.948891	719.502423	373
3904.004161	1044.139413	374
3186.836356	350.166543	375
-332.174382	5369.456613	376
-14691.387562	-4494.092036	377
-14417.996485	-4075.449263	378
2112.188183	396.337418	379
-10165.185849	-2339.404487	380
-545.042105	-130.092408	381
-47.792556	-189.844962	382
4364.486464	428.596925	383
-653.801390	-970.225222	384
1817.646497	-2168.713151	385
1474.649302	1821.855733	386
1473.504087	1768.023402	387
1568.552777	1684.373849	388
3228.194397	395.813165	389
-11532.933117	-2681.177066	390
-14583.694045	-2852.073048	391
-685.083754	-477.115312	392
-14141.093336	-3701.271613	393
3727.785607	9989.514977	394
3634.266025	10478.929129	395
3817.820063	9499.095108	396
-5536.566184	-2875.091623	397
-5321.031725	-3325.981600	398
-5765.590893	-2440.991915	399
-10485.081084	-3518.646232	400
-10455.599893	-3478.661005	401
-10477.691663	-3516.205534	402
-10472.241904	-3519.351499	403
-445.752800	-109.927152	404
-11897.147801	-2150.205251	405
-8563.387388	-2095.285885	406
333.035261	-1405.551681	407
342.911525	-1435.182299	408
344.490665	-1431.553428	409
266.839892	-1559.701330	410
-4768.200169	-2615.196463	411
-4494.204415	-3034.130837	412
-12669.748519	-2924.999199	413
-788.862494	820.460727	414
-350.057114	627.136083	415
-11796.364052	-9354.787267	416
-11681.488768	-8868.623083	417
-337.144997	5367.006492	418
-339.535131	5364.477276	419
-13193.870954	-2939.863349	420
-13219.530113	-2990.945957	421
-13223.791784	-3025.143291	422
-13222.470498	-2996.752096	423
2128.552461	4461.303928	424
2369.094437	4159.476141	425
722.112855	1526.256009	426
-10716.278161	-4567.993215	427
-10710.355450	-5062.227984	428
-12640.511258	-2927.318543	429
-14391.939933	-4126.948064	430
-14135.220763	-3698.925054	431
-14666.374918	-4545.043035	432
7177.335578	509.677204	433
-13467.763563	-3460.738013	434
2104.124758	408.075173	435
7627.983143	971.697514	436
-16528.938100	-4051.965171	437
-9943.826522	-3314.059323	438
-10062.037959	-2828.855540	439
4122.457648	8031.690411	440
8133.626061	832.615057	441
8618.914909	948.751929	442
7650.862975	704.776780	443
-5615.850024	-1421.494724	444
8688.269227	532.751652	445
181.882371	-1721.198731	446
113.424937	437.592809	447
5071.445049	9038.781771	448
4118.743477	8026.192715	449
-16756.713064	-5764.392827	450
4819.108948	7969.109393	451
-1105.306723	133.635933	452
-1603.018184	140.511926	453
1064.943065	2054.384166	454
692.314659	2366.404272	455
-12759.728793	-3376.975505	456
-12947.377310	-3840.367785	457
-12627.847096	-2895.461120	458
-12937.165970	-3816.058710	459
-12909.253346	-3831.878156	460
-12914.476783	-3851.932633	461
-656.361415	-975.785375	462
-458.045228	-106.436607	463
-16316.257490	-7037.088727	464
-16039.755805	-6623.268004	465
3902.426930	47.180205	466
3898.729580	8.744976	467
3899.238325	14.503916	468
-1698.088966	-339.792010	469
-1573.724231	-341.269133	470
4116.249358	8023.207876	471
-14585.692130	-2901.268885	472
-1225.117132	-611.629032	473
5416.320382	10103.092209	474
6220.370007	13315.646796	475
2073.794896	2826.027851	476
3316.381617	8793.422380	477
3421.834573	8432.136424	478
-16758.204233	-5767.376224	479
-16751.703677	-5769.788451	480
-16742.490494	-5775.618833	481
-16721.746500	-5807.651198	482
5247.611312	1069.025756	483
-10781.417898	-4581.133562	484
-3623.398767	803.322231	485
-3620.203802	799.677143	486
-3623.014420	797.355842	487
6592.269386	574.581205	488
-1132.951436	141.436674	489
-13069.394107	-4304.187669	490
-5526.087033	-2849.886420	491
-5777.458482	-2418.394278	492
-13045.894539	-4193.856745	493
3916.544952	9005.024693	494
1161.617442	1269.591276	495
1266.985764	1267.282837	496
1162.595682	1261.591977	497
3882.245093	4689.831781	498
4354.805718	433.802630	499
-16544.723377	-4037.119364	500
-2770.503663	382.919788	501
3946.301257	9107.775272	502
-490.672205	-103.478968	503
-559.620826	-101.175017	504
-542.069955	-98.818948	505
-13066.357112	-3928.365089	506
2393.105171	838.058060	507
278.014419	2643.960148	508
-134.497096	2926.427389	509
-4287.161644	-2093.137823	510
-1151.797855	-672.692225	511
4014.781983	8513.318514	512
-4105.621396	899.409945	513
-1627.514971	-383.280889	514
-17103.106153	-6119.257803	515
-17490.780898	-6434.516707	516
5412.504006	8960.713632	517
-7429.520563	-1844.996361	518
-5025.980973	-1259.015905	519
-2829.245339	-831.783415	520
-8570.408721	-2097.662149	521
2064.713606	460.057107	522
2384.225866	3330.527915	523
4370.308187	444.217514	524
-1150.447653	127.351008	525
-13493.011633	-4944.277170	526
5965.614233	12245.596010	527
-4277.469518	-2084.357738	528
2381.979182	3326.520180	529
-16017.650968	-3847.447480	530
3355.851169	3804.918543	531
1807.358515	6682.361898	532
1588.623859	7131.740221	533
2075.473736	6269.745933	534
-5754.361014	-2450.341371	535
-10983.207019	-5690.971928	536
-3335.234186	-308.138222	537
-3334.595544	-311.563078	538
544.590727	-40.078708	539
2779.283537	-2696.461096	540
7020.255392	845.864462	541
7017.851168	849.157790	542
-1644.620880	-335.771128	543
3714.897380	7479.709802	544
3683.507295	7471.821990	545
3695.426937	7474.133816	546
-5021.233626	-1258.653254	547
-5018.259587	-1253.264296	548
-8548.821629	-2100.012083	549
3195.941956	398.147739	550
4789.559534	7954.928472	551
4741.716182	8451.572133	552
2028.184256	471.220347	553
3343.239806	5816.488065	554
3507.847369	5345.708846	555
3099.089773	6253.716838	556
5422.272705	8955.846257	557
1293.913688	-1879.867651	558
831.318682	-1688.083835	559
1743.957487	-2097.423031	560
3560.426272	7955.636020	561
-1215.210793	124.953637	562
2479.631020	5367.250622	563
2248.166611	5813.657889	564
4714.412742	8949.718233	565
-3542.984461	-1349.207565	566
-13203.167234	-4668.731116	567
3993.616587	6421.265888	568
3220.415847	400.452954	569
-3909.216076	-2491.272872	570
800.420428	-1578.894348	571
3529.168903	5405.090181	572
1726.562624	3186.264729	573
1373.896442	3542.424062	574
-2222.104207	302.406333	575
4267.585606	446.526284	576
5414.899870	8958.296678	577
4772.944337	7894.035640	578
3499.423253	5362.795733	579
-2189.033771	491.754007	580
-10716.180619	-5131.594447	581
-1536.230351	-333.983989	582
-16537.244115	-4042.549130	583
7170.200579	566.556040	584
1030.384974	3905.193988	585
-17570.074421	-4465.482665	586
5704.475779	11178.224588	587
-5081.594589	-1194.250166	588
-5006.848031	-1242.508317	589
-1528.841852	-338.060751	590
543.916907	-36.828959	591
-2198.687023	308.951773	592
3350.718545	3808.874147	593
-5249.210399	-3313.071804	594
-5486.417496	-2873.120535	595
-20598.821689	-5760.267109	596
-4707.805060	-1527.161984	597
4273.869069	450.637929	598
4354.351242	452.947624	599
-3874.595736	-345.497375	600
5208.941974	8445.357710	601
-14941.234508	-4963.800006	602
-7490.348925	-1839.581800	603
-16695.375893	-3473.214825	604
-11211.837795	-6761.360292	605
2657.074701	3801.158855	606
5785.505720	9892.336194	607
5767.704747	9894.705004	608
5814.862623	9898.162976	609
-6995.622085	-3264.447946	610
-11595.010466	-8373.332080	611
4769.675825	7921.314623	612
5948.632405	12249.272602	613
-650.821351	-961.852079	614
-3543.128574	-1346.510944	615
162.879770	-1755.154887	616
-19606.287562	-5317.763026	617
2944.691141	4354.219902	618
-3536.089547	-1344.081500	619
-684.241656	-953.175322	620
3181.798003	355.820559	621
2393.520871	5246.437912	622
-11448.900319	-7248.740732	623
3371.454037	1904.637206	624
3323.276182	1892.064354	625
-15380.231066	-3189.687858	626
-15811.119074	-3315.238112	627
-14959.323594	-3056.381299	628
222.172259	292.811234	629
640.860081	157.298058	630
-197.631985	455.245536	631
8086.148531	819.377247	632
-15391.928674	-3165.625355	633
-14529.070560	-2926.638559	634
4806.719496	7916.940133	635
-16491.627123	-4038.051177	636
-15596.029173	-3168.452708	637
7649.903327	577.474645	638
-9963.260706	-4015.821230	639
-9971.965422	-4016.449199	640
-9962.149142	-3993.136273	641
5418.759060	11313.356988	642
5438.953309	11761.669024	643
5411.059127	10932.342705	644
-10992.004739	-5633.677491	645
-15730.656163	-6184.605175	646
-15728.497514	-6181.785824	647
5067.890224	8988.106453	648
-8570.189797	-2050.973160	649
-17563.634677	-6762.029964	650
-17263.887632	-6426.609580	651
-7403.790105	-1737.715734	652
-7272.160894	-2169.234340	653
-7266.792171	-2166.528295	654
353.725709	-226.750777	655
-90.216970	-163.524025	656
-11509.387462	-2635.251503	657
4096.691875	7969.628049	658
-2172.194778	296.380644	659
1848.042775	4811.389736	660
-5754.021668	-1378.178968	661
-15003.432619	-4868.259418	662
3299.008525	3781.872340	663
3510.550857	4170.444117	664
-1226.887983	-414.022950	665
3990.230353	6358.448163	666
3802.368237	6767.367975	667
5384.962125	10022.959028	668
-12583.810780	-2895.739530	669
-5053.504671	-1222.488822	670
1497.987294	1720.633376	671
1502.947567	1766.813365	672
1499.429009	1762.654885	673
-16633.038892	-5726.479110	674
2396.838762	5081.189535	675
-5369.482153	-3206.689300	676
-5571.463153	-2805.233605	677
1050.690138	3664.555404	678
1381.526469	3379.437130	679
-11848.661735	-2144.369708	680
-11947.637226	-2146.918826	681
494.067768	-31.819385	682
236.643422	-1515.244151	683
4802.533487	7906.497118	684
1680.176125	-2066.576820	685
2104.062797	-2199.156836	686
8573.040550	931.125042	687
5588.784326	9334.371533	688
1735.880176	3101.800132	689
-5130.340980	-3598.287671	690
-4921.563682	-3995.310698	691
-5359.891376	-3202.374710	692
413.895481	1691.057609	693
791.309583	1447.459393	694
-1488.019395	876.221640	695
-1066.164507	719.160411	696
7583.141774	949.898712	697
7581.304971	952.815106	698
7561.595030	950.895980	699
7540.996703	952.685171	700
7560.178042	962.170628	701
7566.343481	965.111236	702
7574.783426	967.994191	703
5396.763025	8907.678056	704
-11358.943298	-7244.695127	705
3952.728160	9058.689582	706
-11916.422662	-10198.999644	707
-11843.255754	-9754.183557	708
-11989.804943	-10645.090890	709
5061.358376	8987.593477	710
5062.368189	8951.979608	711
6543.584060	544.854662	712
212.442573	295.627310	713
1044.187274	-45.962332	714
-1193.396198	-672.658825	715
3876.835778	6362.332598	716
-16499.140190	-4009.924852	717
4258.222797	440.812132	718
4631.477555	680.799108	719
4628.335711	685.465264	720
4612.211819	719.883528	721
-16665.287965	-5777.644041	722
2070.583921	2739.392607	723
2070.679758	2736.973052	724
2064.513133	2734.338513	725
-10708.662472	-4562.221346	726
5690.778612	11127.334228	727
-11697.512750	-8786.723835	728
1256.635836	-1958.752798	729
3370.238353	-2583.917683	730
2941.246448	-2470.113223	731
3789.197424	-2749.837647	732
-11314.350607	-7251.043230	733
-11234.694829	-7247.002670	734
3824.208540	-21.576474	735
-1916.243875	1009.877575	736
-1494.681021	855.080556	737
-3577.306684	788.577453	738
5414.513105	8910.157365	739
-16238.068725	-3446.386920	740
-5576.636723	-2849.230783	741
5037.060980	9400.544582	742
-8440.477521	-2459.669737	743
-8522.666644	-2017.955308	744
6541.237312	548.417210	745
-8534.931164	-1966.364170	746
-1677.765797	-353.758657	747
2734.481425	-2673.604291	748
-14532.321702	-2909.563462	749
-14525.660343	-2940.798585	750
-14441.501728	-2924.742620	751
-3456.263159	-4395.268832	752
-3700.671943	-4019.108360	753
-697.226967	-108.737667	754
-697.032859	-105.780869	755
2514.183322	-2385.016492	756
1679.967730	-1993.367355	757
1353.834979	-1847.121805	758
2107.090991	-2139.266133	759
-695.010475	-938.387673	760
-18099.195505	-7012.098467	761
-17765.883226	-6720.432900	762
152.599215	394.285961	763
-8430.717135	-2404.342192	764
6207.654400	13267.274643	765
411.716514	1687.775702	766
1179.566465	1222.006685	767
4094.991131	7950.093308	768
3988.951102	8387.818542	769
4274.002354	51.851458	770
4801.595617	43.173285	771
813.932027	1409.352029	772
416.944355	1616.665663	773
-3954.885825	-985.734020	774
-17453.058687	-6402.034081	775
-17443.423134	-6406.691449	776
3991.516449	6367.021166	777
2906.612311	1549.649134	778
2660.927068	1199.917808	779
3186.122471	1903.101354	780
4695.824950	6755.762086	781
6547.558857	559.249864	782
1608.775027	7085.688254	783
5374.078884	10491.051753	784
113.054173	-1676.547520	785
490.942372	-1920.938362	786
-2868.553276	-802.416113	787
-11203.955664	-6702.194986	788
3810.434172	7424.890243	789
3692.019349	7426.051151	790
3671.535941	7422.590944	791
2671.641855	1189.918858	792
-16488.700295	-4016.195619	793
-966.549696	125.045457	794
-1471.553614	123.898983	795
5200.605831	8396.791845	796
-2137.475342	445.426019	797
-4521.635419	-2991.426050	798
5404.836977	10056.482040	799
-13798.633714	-5708.268378	800
-13626.200291	-5294.127175	801
-635.583720	590.737128	802
2290.711710	5221.615386	803
2152.292088	5602.267560	804
-1555.668264	144.196114	805
-2174.438764	301.323463	806
4899.191377	7911.466465	807
-2674.123749	608.260052	808
-2678.289568	587.365610	809
-2675.701237	601.131212	810
-13403.289084	-3374.431955	811
-13188.201606	-2979.468102	812
9082.086305	610.788643	813
8636.438641	552.313603	814
9530.052448	639.029107	815
5690.850086	11129.666636	816
-11200.155207	-6711.401832	817
5757.756000	9845.647135	818
5750.581177	9848.228676	819
-4815.580133	-2588.839899	820
-4779.692684	-2572.311025	821
5442.500468	477.085231	822
-15979.781703	-3814.477242	823
-15977.692511	-3817.618297	824
-15961.684722	-3856.421549	825
-1576.900217	1180.715742	826
-2004.711243	1322.285834	827
-1177.486389	975.185670	828
-214.329362	436.858781	829
-4242.319543	-3297.741748	830
-3971.644349	-3658.219525	831
-4511.447215	-2935.069184	832
-6283.472214	-1393.101152	833
-6251.701737	-1529.609105	834
-12073.287908	-11083.883312	835
2002.660974	435.551747	836
1996.549281	438.230636	837
1998.428215	440.763245	838
-6334.555350	-910.577397	839
-5889.804751	-871.859330	840
-6773.290327	-1007.151270	841
5209.518933	1036.003526	842
-16951.385787	-6103.095727	843
-16662.835518	-5758.963671	844
-5676.232438	-1382.185550	845
2516.078495	-2325.307562	846
2059.825840	6221.436513	847
2049.289280	6219.133591	848
2046.894616	6216.699708	849
-2141.089302	442.964017	850
-2142.670069	470.036471	851
3878.613781	2580.419256	852
3626.271331	2207.733570	853
3181.465938	366.848734	854
3110.946347	351.913357	855
3141.933815	387.173483	856
3172.765479	379.465015	857
8085.381699	822.070109	858
5144.711592	8340.899258	859
5257.097161	8776.107750	860
5492.126159	8858.564799	861
-19559.824765	-5294.831455	862
-11559.761745	-8324.161309	863
-2867.255399	-799.925018	864
-2864.379999	-733.728322	865
-2862.796701	-794.508409	866
-2859.599204	-790.635976	867
-21071.580654	-5935.728340	868
2422.091704	3295.958973	869
-7400.993874	-1743.726854	870
-12821.295527	-3379.110163	871
-14066.537473	-3699.151926	872
3425.483731	8385.155825	873
293.929476	-1422.922375	874
4300.406777	426.301020	875
4299.136053	429.906772	876
-300.861508	5331.435698	877
5459.057010	12212.321120	878
651.356267	118.949581	879
221.069986	233.049283	880
-4006.104329	-898.435015	881
-16488.193797	-4021.160899	882
-13048.223093	-4257.440820	883
-11204.287078	-6672.489458	884
-11213.132720	-7121.296513	885
5482.851977	12661.063775	886
3987.217501	6364.235114	887
3706.142473	49.612841	888
5206.466785	1042.634505	889
-7399.863745	-1746.307818	890
-1168.910396	-619.264597	891
9655.002642	1702.065783	892
-1125.405951	122.561568	893
-14870.154799	-3060.154068	894
4789.844512	7914.356590	895
4773.249101	7911.947439	896
4780.567102	7901.420102	897
4773.133019	7903.977546	898
-15126.699144	-5316.838379	899
-14890.743982	-4935.446209	900
-726.338187	-955.498129	901
-715.221589	-950.849101	902
-706.043275	-946.955201	903
-704.871051	-943.272554	904
-702.342747	-935.874568	905
-14073.847408	-3639.486662	906
-2162.177593	284.221169	907
-2608.010349	321.565206	908
-764.237837	803.284802	909
-15122.243363	-5320.308526	910
-15117.973195	-5323.433761	911
-7426.175964	-1796.360967	912
-7418.359623	-1793.826357	913
356.595142	-217.818497	914
-7165.232935	-2742.272207	915
9144.822838	1507.720100	916
-5049.961731	-1214.759400	917
-6041.518741	-1772.692123	918
-755.450547	820.872239	919
-3944.626017	-975.625991	920
-11086.589897	-5640.762833	921
3547.863897	5356.949018	922
3541.988204	5354.407688	923
-21067.424395	-5938.080279	924
-3285.283964	-301.657480	925
-11002.052596	-5636.481504	926
5340.498733	8912.463387	927
5517.711703	9337.108190	928
-13045.972536	-3882.640884	929
-5047.000608	-1210.704667	930
-4723.538279	-1512.728005	931
-5054.397549	-1191.561878	932
-4496.216317	-2922.080897	933
-4225.159392	-3279.039712	934
-11772.191126	-9284.592838	935
2977.539271	4311.516759	936
2973.220880	4307.810437	937
-303.826420	5327.410328	938
-306.895548	5323.755806	939
-2172.827664	283.325769	940
-1011.982464	117.126508	941
3988.687300	6361.199296	942
5439.702292	483.654083	943
1172.465066	1169.518574	944
5435.542248	10486.864640	945
5378.780969	10044.247361	946
3852.998456	1026.127527	947
5398.272026	10454.081947	948
5425.172794	10902.305659	949
5374.303399	10004.359951	950
-11073.145841	-5643.071161	951
-4313.628843	-2050.221669	952
1171.130951	1165.031368	953
-16662.408787	-5796.086114	954
-16661.684355	-5799.217569	955
653.307289	101.699102	956
-5771.766215	-2371.068293	957
-11203.529161	-6713.875466	958
3641.107311	10431.301481	959
-1141.534599	112.522465	960
-10469.230274	-3460.089658	961
-10456.991956	-3457.712513	962
-12570.420558	-2897.787611	963
-3941.868201	-2453.400635	964
-19552.452905	-5323.120691	965
-19957.318719	-5512.427682	966
-11779.828802	-9306.080316	967
8569.935407	935.084611	968
334.367628	2588.392615	969
692.337322	2317.097904	970
-10163.918839	-2394.547599	971
3543.294987	7848.840381	972
-5603.664152	-1375.877991	973
-2750.371953	-262.290237	974
5205.777092	1039.560619	975
5201.772579	1045.067987	976
-4061.814335	888.897435	977
6056.963109	12191.083952	978
9143.968708	1511.116945	979
9141.968116	1514.085588	980
3682.332770	2276.547896	981
-10949.490154	-5638.807066	982
-10949.250284	-5645.261850	983
-10949.490750	-5641.598052	984
5935.183524	12201.788958	985
3627.007546	7181.581787	986
-2594.613085	301.908833	987
-2145.757117	282.308167	988
-3042.471056	343.399357	989
6455.606552	551.646465	990
-10804.497247	-4564.530477	991
8557.827317	953.281599	992
8567.655206	944.497367	993
-13464.568772	-4880.076582	994
3826.394515	35.914209	995
3833.975521	36.022948	996
5376.844971	10052.406873	997
5347.128179	10062.121964	998
5352.714785	10059.736481	999
5347.869442	10064.807746	1000
-15969.194790	-6564.606743	1001
3186.701793	9226.005452	1002
3189.484448	9223.060380	1003
-4310.221102	-2046.785157	1004
1040.840104	3671.931083	1005
1029.271442	3666.864142	1006
1044.630794	3669.253365	1007
5974.445908	12197.328881	1008
-14245.846243	-4055.197044	1009
-18540.378686	-4879.849430	1010
9977.280753	686.247832	1011
-5633.504361	-1371.661521	1012
8991.770780	1064.942217	1013
-6081.269700	-2029.785977	1014
786.034861	1429.768699	1015
6529.548497	567.373697	1016
5928.881070	12192.669741	1017
7939.427290	1160.660239	1018
-5781.788374	-2407.740312	1019
-5777.409577	-2405.269106	1020
5929.300149	12195.015894	1021
8599.770665	551.170084	1022
9039.740045	605.270701	1023
-4931.101648	-1192.603953	1024
3990.968825	2604.119862	1025
-7161.008726	-2708.248891	1026
-2176.411668	261.706697	1027
5404.666116	8914.764598	1028
-5046.615541	-1199.238647	1029
-12560.373142	-2898.994752	1030
-5624.231916	-1384.500427	1031
2409.159914	3286.363889	1032
2406.929173	3283.142101	1033
-11772.642567	-9309.860411	1034
6535.219348	564.889853	1035
-16496.086248	-4023.647773	1036
-7133.582466	-2732.931504	1037
-3938.800444	-2450.850077	1038
-13466.975218	-4901.397897	1039
-5599.905686	-1379.880999	1040
121.096102	-1729.681750	1041
-3574.533894	-1309.373334	1042
-2176.977840	258.882982	1043
5499.674503	9289.200811	1044
-5106.918000	-2120.389090	1045
-10709.585657	-4486.145197	1046
-2124.703721	259.182393	1047
-5872.570127	-2414.503428	1048
4020.200834	2584.194232	1049
5680.822875	11074.478548	1050
10769.788748	1077.881270	1051
-13028.293892	-4210.917126	1052
3495.021755	7490.017636	1053
3662.667185	7122.720637	1054
-1049.386298	109.880701	1055
5907.147900	12070.650704	1056
1245.853386	1889.516220	1057
910.378589	2107.573332	1058
1576.989810	1666.958795	1059
4002.269953	2586.504441	1060
4115.471467	2588.813097	1061
3983.170736	2589.879903	1062
4864.803879	7136.889404	1063
4209.768738	7386.492624	1064
-14966.859018	-4832.617028	1065
3507.908556	4122.485538	1066
2644.116984	1144.973279	1067
-10973.372034	-5585.975292	1068
-3985.171784	-945.942501	1069
1541.110358	1727.866400	1070
1534.802449	1725.234111	1071
-6065.214458	-1728.159099	1072
3098.517265	4265.760998	1073
-11797.879491	-2136.582006	1074
-11490.077581	-2584.589614	1075
2122.199450	711.090948	1076
2357.966516	1035.385626	1077
1930.751729	360.865060	1078
2349.817137	1037.971275	1079
2351.879307	1040.819625	1080
6030.692384	12640.767733	1081
-2012.605940	-226.525681	1082
-14480.038056	-2908.401859	1083
1253.474290	7739.148255	1084
1441.133005	7386.184835	1085
-13430.402506	-3367.406068	1086
-9651.869960	-5947.246936	1087
-9579.200700	-6339.812704	1088
-9703.981916	-5551.540528	1089
80.444496	-1701.448962	1090
2977.428309	4266.019124	1091
-3530.346415	774.066230	1092
-5808.947880	-2365.140957	1093
8149.891739	647.689081	1094
-17177.861952	-6307.243106	1095
-16902.612828	-6016.418517	1096
-755.296237	-921.106866	1097
-14352.766822	-3200.931616	1098
-12883.354536	-3757.555131	1099
-2699.517287	-258.816069	1100
-11198.346870	-6654.288478	1101
-832.631364	-687.212950	1102
-10688.480277	-5461.801620	1103
-15292.334982	-3895.404847	1104
-14965.621163	-3665.152874	1105
-15606.036778	-4154.564246	1106
2529.321057	5266.918796	1107
-4420.494502	-1805.458946	1108
2107.085709	2709.238572	1109
2101.496566	2706.859019	1110
2201.424457	2603.040694	1111
-10698.918017	-5531.497057	1112
5478.455490	8809.849168	1113
3742.213541	-2730.751902	1114
-16080.576890	-3404.256362	1115
-15698.981842	-3282.636187	1116
-11339.442744	-7196.372163	1117
-11333.840185	-7199.292771	1118
-3527.153571	771.688625	1119
3744.873821	9886.159125	1120
3739.570106	9891.605157	1121
3734.464835	9885.749837	1122
-938.726465	112.181300	1123
-1391.200106	95.371770	1124
-5670.260262	-1337.199176	1125
4223.629872	413.457405	1126
-2671.778462	362.944167	1127
1214.466370	1144.271011	1128
2701.725143	-2625.425752	1129
578.994132	-1721.789534	1130
3560.184410	7800.728054	1131
5528.169861	11092.250391	1132
-14675.314935	-3391.006312	1133
-15286.690136	-3901.933570	1134
2987.564345	4263.088937	1135
-10048.274885	-3374.399164	1136
-9952.155880	-3762.418397	1137
-6272.969386	-1490.074387	1138
444.797786	-27.760784	1139
1629.881391	7034.778891	1140
458.350008	1639.343263	1141
-19913.278498	-5493.197583	1142
-17406.234667	-6379.365075	1143
-17403.846923	-6382.672340	1144
2983.623602	4260.480426	1145
1952.947473	409.094056	1146
3530.297472	7798.427779	1147
-10960.793907	-5979.279933	1148
-10946.999356	-5582.724154	1149
3722.778622	7374.282693	1150
3704.531487	7376.606948	1151
-1473.593838	118.661327	1152
1764.110436	3076.151640	1153
5153.312649	1047.509660	1154
4751.378812	8353.210961	1155
-13028.442176	-4213.385906	1156
-9835.307894	-4781.140849	1157
-9893.257832	-4387.612667	1158
-15614.909194	-6056.518764	1159
-15426.885543	-5703.597333	1160
5738.684818	9799.344969	1161
-17119.262618	-6346.182024	1162
-16856.991827	-6043.185718	1163
-17377.784494	-6650.036223	1164
2075.680864	6171.284032	1165
-15928.510777	-3811.223168	1166
-15927.201095	-3816.006778	1167
-5085.610127	-1162.164647	1168
-5841.703311	-843.368234	1169
3373.755916	597.945103	1170
3073.406197	332.007506	1171
5537.648343	11094.553677	1172
-1769.974423	107.862536	1173
-16446.248229	-3994.384657	1174
-16404.908221	-3993.514823	1175
1928.756608	388.766552	1176
-17223.748366	-6395.794063	1177
2071.140225	6168.683609	1178
4739.535225	8291.135391	1179
-2898.581118	-757.820973	1180
4137.784175	2885.117483	1181
3516.955820	7492.347863	1182
3135.799921	339.675863	1183
3127.862777	345.515797	1184
8033.426179	813.752393	1185
-17481.559308	-4418.420362	1186
5465.372537	8814.617638	1187
5564.884413	8816.935807	1188
-2956.651792	-711.119689	1189
-7046.854783	-3091.772107	1190
4210.944829	402.371212	1191
-1349.158184	801.343587	1192
-971.427990	669.549848	1193
-11755.318746	-9257.014659	1194
-9837.667525	-4771.583423	1195
-9770.750650	-5157.779125	1196
-10672.681577	-5861.246067	1197
-3235.586100	-296.373671	1198
4760.917179	7843.010536	1199
4717.188225	8240.089926	1200
-6887.210760	-3458.568310	1201
-6753.494998	-3834.651153	1202
-6283.360097	-1484.646102	1203
-15921.670600	-4400.366622	1204
-13446.225414	-4856.637022	1205
6210.455815	13217.537431	1206
-1240.446402	-648.947811	1207
117.585343	1847.630811	1208
2417.221275	5203.563536	1209
2415.279181	5201.179346	1210
5478.158378	12611.738167	1211
4756.805144	7871.627567	1212
-3236.124668	-299.844145	1213
-758.408930	-933.495354	1214
2444.447571	3249.447743	1215
-10714.514857	-4508.837658	1216
-7432.229130	-1637.540731	1217
-7410.369232	-1680.497045	1218
-584.649099	571.938505	1219
-4003.890189	-883.718124	1220
-3996.791129	-886.047859	1221
4663.576678	6716.337694	1222
-20954.203130	-5891.250665	1223
2994.958041	4234.141021	1224
5495.698780	9291.694731	1225
-266.458803	5287.495356	1226
-1028.225078	97.323867	1227
2992.439895	4237.352972	1228
-275.161001	5272.226263	1229
-274.054635	5282.190461	1230
-176.488088	5278.961418	1231
-282.349810	5279.057719	1232
-9860.510005	-4151.130073	1233
4000.414656	6315.725490	1234
-5080.189970	-1159.916545	1235
7589.702098	430.764926	1236
-11744.950679	-9259.503902	1237
-2699.817896	-256.348705	1238
-16599.472004	-5738.491882	1239
-16610.618517	-5775.836884	1240
3662.422963	10283.751651	1241
664.294093	87.601974	1242
-5581.583768	-2720.480918	1243
1880.380644	2841.166892	1244
1882.470132	2844.325969	1245
3796.595262	18.561454	1246
5342.382374	9939.948363	1247
-15203.250168	-5155.461196	1248
-5076.578370	-1152.826517	1249
-16256.925450	-6955.588907	1250
5430.279996	10441.359477	1251
-19909.999539	-5490.437824	1252
11012.783675	1130.277100	1253
10618.796085	1068.407590	1254
-16295.883985	-4073.288712	1255
11013.712399	1133.239321	1256
10257.257681	979.464719	1257
-10167.947616	-2347.075251	1258
-10164.240268	-2344.665378	1259
4837.965291	7075.377404	1260
-2632.196998	-942.450396	1261
3818.354056	4612.227017	1262
-784.575526	-465.633878	1263
-9821.545592	-4779.828750	1264
9094.832648	1492.618586	1265
-10968.247649	-5580.391580	1266
506.744723	-1954.196062	1267
8579.836687	1309.497837	1268
748.036504	2299.305881	1269
4103.252815	7927.090848	1270
6181.074490	13219.917391	1271
3651.298960	7138.035549	1272
-16256.613709	-6958.705392	1273
5523.878706	11096.881344	1274
-15316.731614	-3177.156703	1275
-5676.774914	-1323.011861	1276
2412.192493	4116.959949	1277
-19507.375878	-5287.720665	1278
8944.867456	1049.688129	1279
-772.482080	-677.025342	1280
-392.332100	-774.061002	1281
832.525152	1417.331879	1282
5674.766174	11081.762777	1283
-3616.040724	-1280.304066	1284
-5813.119596	-2368.499094	1285
-3974.473921	-2415.815249	1286
-21640.270264	-6206.881498	1287
-21275.358325	-6043.105433	1288
2690.827276	-2631.315315	1289
-3611.461083	-1275.998256	1290
5919.186835	12127.600381	1291
-11493.454112	-2587.857435	1292
-13208.864477	-2919.087423	1293
-3482.250831	-4354.091092	1294
-17639.462943	-6951.971835	1295
-563.947381	5563.452361	1296
-7284.674446	-2009.286089	1297
8587.847956	537.559270	1298
4439.849970	6231.967305	1299
-19502.144061	-5292.116525	1300
-2122.814810	266.765294	1301
5321.605992	10618.390934	1302
5354.825534	10268.280275	1303
3677.937107	4478.379095	1304
3306.575617	1828.693840	1305
3304.096658	1831.081798	1306
3299.078596	1835.392937	1307
3293.002423	1841.317408	1308
3288.043179	1845.769351	1309
5512.604355	9259.823622	1310
5630.452341	9589.512510	1311
2745.939815	-2468.291525	1312
2419.838724	-2342.260446	1313
3075.236921	-2586.373949	1314
-879.834128	122.653343	1315
-15747.468193	-5015.561743	1316
-17413.664447	-6565.975136	1317
501.380038	1613.592715	1318
-14420.701841	-2918.157957	1319
-14402.315303	-2915.841544	1320
-14434.662460	-2890.846569	1321
-14434.741956	-2893.916659	1322
-224.432753	5237.112251	1323
-7277.633210	-2064.113477	1324
-16228.514383	-6918.468224	1325
-2931.652079	-709.957152	1326
-21594.021994	-6185.470060	1327
2142.520985	4478.158146	1328
-14937.681647	-4790.703656	1329
-11744.883567	-9209.682138	1330
-17424.337739	-6619.432211	1331
-17132.822914	-6360.866178	1332
-13759.111282	-5616.475143	1333
-195.538353	-156.940597	1334
-2557.871197	560.989224	1335
-2901.608808	623.900611	1336
1586.363455	1710.327734	1337
1586.563340	1706.362158	1338
1581.051237	1704.025558	1339
4196.465475	58.834717	1340
-880.494282	120.040862	1341
5099.759652	1019.799498	1342
-6519.085621	-4527.557092	1343
-6406.837416	-4859.719621	1344
-6636.363497	-4181.109934	1345
-16798.444397	-5989.264786	1346
-17016.447078	-6263.730768	1347
3838.456186	7327.033029	1348
4269.800454	6802.237548	1349
4310.064882	6799.888829	1350
-4967.981303	-3908.953228	1351
-3872.641133	835.923677	1352
-213.781936	5209.209832	1353
-16491.345917	-4214.610110	1354
-16233.385085	-3978.067536	1355
-14966.669645	-5237.718690	1356
9563.378455	1666.758772	1357
-14344.831186	-3175.828258	1358
-7437.413203	-1617.066389	1359
-7299.913218	-1939.473906	1360
-3442.973825	-223.991545	1361
-3185.156532	-203.195168	1362
3317.554078	8765.743710	1363
3835.112416	7323.315700	1364
5020.610949	7450.522780	1365
3905.396914	2535.262666	1366
4140.961694	2792.732774	1367
-3076.971702	-4874.308188	1368
-3273.410483	-4585.373053	1369
-1454.481545	141.785536	1370
-11224.576019	-7164.150689	1371
4028.411443	6268.804145	1372
-5140.747764	-2083.127097	1373
-10179.343737	-2295.842447	1374
-946.202133	114.824121	1375
-3487.192939	-4301.994805	1376
5722.521382	9708.630783	1377
6442.866698	509.959847	1378
-615.894369	-94.196622	1379
-708.050206	-89.056843	1380
-638.638629	-91.384401	1381
8099.619919	632.560592	1382
-4007.187513	-2378.345871	1383
-4030.152376	-907.481377	1384
3930.505698	8849.565828	1385
2649.493656	-2621.247710	1386
-12865.269182	-3711.136207	1387
-11675.121091	-8687.444935	1388
4014.599961	8290.259908	1389
-3077.922695	-209.033862	1390
-2743.874178	-186.415970	1391
-3443.181971	-228.131992	1392
5317.345427	10615.592184	1393
-10720.699476	-4980.895288	1394
6183.236264	13168.479639	1395
3048.912224	4169.431737	1396
2831.454434	4443.593760	1397
5446.256127	8768.514011	1398
-917.581575	-1054.130962	1399
-610.795102	-1222.596443	1400
319.743610	200.713867	1401
3384.479674	5672.647798	1402
290.277793	291.035706	1403
-7448.398728	-1696.359068	1404
-7434.446982	-1609.944474	1405
-7436.304091	-1690.064651	1406
-7439.489751	-1687.457967	1407
-2320.884042	1472.327961	1408
10232.212839	1003.532472	1409
10231.389963	992.632234	1410
5111.627799	1013.244104	1411
5105.759243	1017.486579	1412
-2579.758834	574.399359	1413
-3278.247298	-4578.050439	1414
-812.684061	-914.301362	1415
6180.297163	13160.041713	1416
9431.479830	632.635883	1417
-2576.663960	564.410230	1418
-2581.677824	565.325280	1419
-2579.483128	563.513158	1420
-2581.991832	564.337223	1421
-223.648553	5218.061494	1422
4195.680899	56.055064	1423
-2940.961400	-722.181968	1424
4218.445614	7338.126713	1425
867.801275	1378.518633	1426
2551.417172	5226.021238	1427
2650.951298	5223.708466	1428
4465.431250	640.945864	1429
4629.220349	871.040471	1430
4741.239771	855.648501	1431
-9876.899310	-4104.278635	1432
2200.729187	5515.598425	1433
1925.773946	368.821940	1434
1921.036405	371.342538	1435
151.740319	1808.622343	1436
-8459.210386	-2361.511071	1437
-666.167426	775.846210	1438
3016.107892	4207.400195	1439
3103.260587	305.409384	1440
3097.181120	308.988680	1441
2152.095151	4434.401594	1442
-16949.303843	-4108.826532	1443
-2944.436089	-719.625307	1444
-2929.909412	-714.472023	1445
10964.280721	1125.501724	1446
-14912.837867	-4253.913576	1447
-15099.532926	-4550.289557	1448
6759.761798	725.677564	1449
-718.661659	5682.732661	1450
-466.326909	5440.315587	1451
312.122151	209.198699	1452
313.010751	206.313195	1453
-234.140039	5227.625288	1454
-5698.896539	-1291.609656	1455
2109.469511	688.278772	1456
-2319.910221	-1101.237125	1457
-2039.839436	-1310.081273	1458
7981.092682	1096.483825	1459
8295.290781	1250.226408	1460
-2648.034433	-254.865961	1461
2438.439591	5153.728446	1462
5169.695665	8299.877643	1463
-2649.376457	-258.983788	1464
-14017.927297	-3613.676893	1465
305.036465	248.507596	1466
-1485.757674	1131.344705	1467
496.828635	1633.819654	1468
-15119.437371	-5235.763340	1469
4178.926084	5690.884256	1470
406.542423	2519.254341	1471
4017.871066	6270.971480	1472
256.621606	-208.853384	1473
9431.323311	635.520248	1474
-5116.683807	-1132.674183	1475
2434.187365	-2339.954929	1476
8535.048186	530.439398	1477
394.440886	-26.530257	1478
-4024.223291	-914.652312	1479
-4018.386227	-909.858194	1480
-4009.649026	-905.140228	1481
-4016.855260	-902.830313	1482
3583.680237	5263.892816	1483
-20973.527121	-5906.157426	1484
-20973.383916	-5909.071093	1485
-20971.887597	-5911.494494	1486
-20970.642732	-5914.527991	1487
39.329992	-1672.080050	1488
-11741.112104	-9212.636438	1489
-8575.351584	-1951.530876	1490
-5695.973796	-1288.758838	1491
198.320343	-1394.102875	1492
199.868366	-1387.803045	1493
771.844659	4141.548375	1494
-15298.007896	-3144.809720	1495
3011.064115	4209.927115	1496
-6236.740729	-918.322722	1497
6450.738974	499.319656	1498
6968.572186	897.359570	1499
6690.450076	686.023771	1500
-10732.263552	-4456.003908	1501
-10716.449377	-4458.441177	1502
2115.590309	6079.099458	1503
1935.624890	6377.582065	1504
7539.634976	428.774773	1505
-208.301851	5204.365951	1506
-16573.455799	-5730.572638	1507
-16570.990257	-5734.763008	1508
1165.556887	-1917.993523	1509
8077.113992	661.320797	1510
-3650.099125	-1242.117755	1511
-242.494584	5234.061040	1512
-13397.989890	-3328.072435	1513
-16150.721511	-3401.118763	1514
-5127.448566	-1127.728766	1515
-14764.861879	-3532.565982	1516
-14591.548745	-3342.008874	1517
-5615.274965	-2757.040402	1518
-10481.429588	-3370.749314	1519
-10471.183863	-3368.389008	1520
1162.094314	-1882.082768	1521
6449.070666	501.915834	1522
-6294.667501	-1448.891067	1523
-9717.023461	-5502.850563	1524
-244.762499	5230.662773	1525
2470.735616	3207.490911	1526
-11208.380158	-2019.656422	1527
-2943.729777	333.899687	1528
-2943.535122	330.635549	1529
5916.207103	12089.810417	1530
-17608.477768	-6916.684445	1531
-13172.685902	-2883.208912	1532
1215.165265	1924.531055	1533
-5389.980047	-3192.523093	1534
-11432.600502	-7143.181944	1535
5328.393755	9957.262135	1536
5435.309608	9962.049007	1537
5332.005904	9959.606535	1538
5228.730864	9963.058934	1539
-431.985635	-739.363051	1540
-93.815513	-827.361404	1541
-93.919329	-824.099159	1542
6178.292470	13171.290882	1543
3978.579956	2551.316263	1544
3962.175355	2568.503091	1545
-5735.454590	-1234.300577	1546
-5497.620196	-1489.581309	1547
-899.063178	-1064.217798	1548
1252.400593	1126.309218	1549
-4380.423471	-1975.997340	1550
1132.350908	3577.645158	1551
866.217979	3802.587330	1552
3670.343828	7092.015811	1553
3664.010816	7089.327781	1554
536.547902	-1694.532215	1555
5719.651621	9754.598004	1556
3118.413921	1827.874936	1557
-13432.958083	-4807.091708	1558
-2487.896763	500.298092	1559
874.896876	1392.635389	1560
871.753699	1388.512242	1561
868.795744	1356.514021	1562
2106.480541	6093.903583	1563
2086.285846	6121.913501	1564
2081.187324	6119.167989	1565
-546.628897	553.673341	1566
-542.593434	551.078147	1567
-546.765509	548.702537	1568
-12866.118039	-3708.603530	1569
7988.745740	790.486111	1570
-4287.495111	-3202.175356	1571
-1978.310345	-140.115271	1572
-2361.219100	-163.221896	1573
-11732.172088	-9215.042020	1574
8533.878759	1289.111289	1575
-5839.168785	-2325.054915	1576
-5830.639749	-2322.698323	1577
-5730.100995	-2320.145417	1578
-11500.877385	-8225.453366	1579
6886.539297	777.013967	1580
5271.359011	8817.810013	1581
-16350.275353	-3957.485008	1582
-16643.658345	-4147.693280	1583
-12551.031899	-2796.372645	1584
-12447.628207	-2800.985865	1585
2320.900718	998.210812	1586
-17844.223347	-6836.284252	1587
-17592.112234	-6593.770391	1588
4742.789475	8241.773971	1589
2451.552862	4998.235075	1590
8472.709050	914.673333	1591
-17419.113320	-6624.288599	1592
1251.489957	1122.867697	1593
-1822.767956	976.372975	1594
2481.537621	3209.795514	1595
1611.369025	-2025.819002	1596
-4456.693097	-1771.191380	1597
-11641.620070	-2147.483891	1598
-12084.696528	-2208.484355	1599
-14437.622318	-2818.498694	1600
-15680.393367	-6096.335949	1601
1122.819727	3786.326046	1602
5052.795173	9337.488976	1603
-5119.500434	-1123.061740	1604
-5090.093990	-1125.408512	1605
-5098.331375	-1119.580721	1606
-1872.943090	-334.396469	1607
10594.950479	2062.610708	1608
-17134.775750	-6364.119140	1609
-4215.622435	904.329806	1610
-970.813599	99.588486	1611
-969.847747	95.911791	1612
-972.652434	92.487288	1613
-13184.956797	-2888.349437	1614
3740.064809	20.417409	1615
-10024.954778	-3913.883410	1616
-5889.493969	-2366.565093	1617
-11460.623369	-2532.056460	1618
-17595.760084	-6918.992186	1619
-21593.816301	-6188.018384	1620
1766.996413	6683.722932	1621
3368.864903	588.129821	1622
-284.798119	5215.754643	1623
-6113.055376	-1934.808912	1624
-6107.075008	-1932.429802	1625
-6361.854788	-5206.750789	1626
-6190.972627	-5511.958405	1627
-15378.450859	-3577.384553	1628
-15887.854724	-3781.507392	1629
-13180.381908	-2890.987034	1630
-14630.817439	-3407.357330	1631
36.478046	-1674.948723	1632
40.921595	-1669.184600	1633
1925.092990	6391.796691	1634
-11724.121210	-9194.081836	1635
4303.124636	6014.978227	1636
6443.368593	513.945702	1637
6440.694304	518.081691	1638
6440.499139	522.258521	1639
6390.083193	536.373935	1640
6419.997969	536.502230	1641
5349.690506	8820.133654	1642
-7128.257434	-2381.393255	1643
-7017.582716	-2711.558030	1644
-6907.671598	-2709.254890	1645
5921.935484	12096.357551	1646
-19859.604308	-5463.366530	1647
-8570.116095	-1947.873281	1648
-8563.257071	-1944.347086	1649
-252.872434	5213.417716	1650
2437.793147	-2255.389977	1651
8420.427145	728.299570	1652
-2064.460335	274.443324	1653
-2061.947931	267.267891	1654
-2067.167460	260.176018	1655
-3499.934650	-4306.217856	1656
314.487167	189.518332	1657
-15721.571995	-3268.223355	1658
-15498.466845	-3145.650233	1659
5431.378789	11662.495529	1660
-15677.053701	-6098.998713	1661
10597.218265	2049.306639	1662
10597.043165	2053.083726	1663
-13430.104976	-4809.629493	1664
3543.811664	2163.462115	1665
-15516.886807	-4093.006965	1666
-15246.552924	-3872.709900	1667
-4221.049802	901.719810	1668
2319.129097	1000.746664	1669
-10712.170316	-4905.274070	1670
-10706.740142	-4918.700685	1671
-10704.261908	-4915.940417	1672
-15385.086018	-3566.197678	1673
7487.618580	908.910475	1674
7483.113858	911.649630	1675
7474.994960	922.164531	1676
-11590.119896	-8223.142093	1677
5060.641722	8885.102630	1678
5061.942437	8887.921455	1679
-10091.225990	-2679.188582	1680
9049.049556	1471.950067	1681
-5321.406704	-3181.615801	1682
-17342.433585	-6348.860522	1683
-11337.986669	-7147.209878	1684
-11224.576874	-7144.904151	1685
249.011034	373.417366	1686
2625.111457	-2590.452730	1687
2440.417581	4075.380590	1688
-7168.056326	-2640.010053	1689
3707.159939	7329.331038	1690
-12053.741311	-10988.346269	1691
1646.890880	6992.055008	1692
9049.105818	1475.379215	1693
3709.739650	7322.811090	1694
1614.479536	-2021.793697	1695
-21288.688975	-6058.419018	1696
3376.977932	5670.033149	1697
3794.470909	4568.036908	1698
3791.012929	4570.455691	1699
-17359.792032	-6355.616814	1700
-17354.706010	-6358.324575	1701
-17454.764793	-6363.119287	1702
-13417.678752	-4812.340512	1703
-4040.483766	-3583.992346	1704
540.416267	-1689.541354	1705
-6294.725962	-1443.372091	1706
-10083.097370	-2681.598437	1707
-19863.852500	-5482.874968	1708
7982.815918	800.861449	1709
7982.050995	803.988061	1710
-13360.747115	-3283.674416	1711
2442.772791	4992.616480	1712
-360.249093	5225.857106	1713
2944.910388	-2730.812324	1714
4818.223681	7030.201784	1715
-908.155777	-1059.239677	1716
292.991809	298.187139	1717
4548.094869	635.111968	1718
5477.709768	12562.229263	1719
655.271714	-1524.836782	1720
990.858571	-1619.932015	1721
-17439.406768	-4393.308836	1722
-17435.860733	-4395.884831	1723
-15384.182472	-3568.591769	1724
-10170.752693	-2292.776843	1725
-810.699284	-907.258658	1726
-229.457053	5223.561720	1727
3708.539121	7325.619086	1728
-10959.484109	-5931.887063	1729
3011.914184	-2787.411871	1730
-9919.659001	-3911.578495	1731
-2329.197402	1453.117440	1732
-14746.154351	-3029.542163	1733
5321.191847	10307.606114	1734
-10686.377144	-5254.158954	1735
3670.513087	10234.533482	1736
-19863.340209	-5472.464196	1737
-16245.657240	-4050.810457	1738
2435.794654	4072.290705	1739
5419.709990	10364.872363	1740
5435.254334	10713.333281	1741
-834.209388	-458.034812	1742
-358.445484	5222.200119	1743
-365.168863	5219.713256	1744
2436.316143	4069.592160	1745
3215.943169	9126.207271	1746
-13013.400604	-4165.352215	1747
1908.813383	4733.627258	1748
5121.761198	978.915308	1749
2753.182700	4643.975170	1750
-5315.363191	-3179.160206	1751
3267.791818	3683.741108	1752
4712.972132	8800.260695	1753
-3194.174266	-206.730417	1754
-6189.982917	-5811.968948	1755
5716.057288	9752.010342	1756
-18028.239883	-6946.614686	1757
118.179409	4832.201287	1758
3260.852941	1801.773871	1759
5616.991622	9540.878061	1760
-12038.230351	-2199.124071	1761
-10177.142346	-2241.260790	1762
-2430.196013	563.285240	1763
-5855.596414	-2271.984496	1764
-14384.505245	-2876.186476	1765
4715.524644	8746.463489	1766
1959.925218	2782.047069	1767
-14905.548379	-4753.424408	1768
3453.742270	4038.841988	1769
-2047.956436	1336.584990	1770
-1764.716346	1240.089228	1771
3769.940399	4524.205032	1772
1609.248507	1659.402614	1773
1607.161193	1655.944738	1774
-15449.417926	-3133.167111	1775
7505.952112	559.304783	1776
-14389.318577	-2801.349342	1777
424.727779	-1896.974040	1778
2377.170967	-2322.633653	1779
-486.543632	-744.015337	1780
-218.684335	5184.744776	1781
8050.459085	630.524138	1782
-2571.680967	348.087116	1783
-4829.785262	-1411.441312	1784
8488.219718	1270.835895	1785
-5741.011797	-833.052928	1786
-10684.823352	-4405.257674	1787
-14536.157408	-4387.777204	1788
1624.204686	-2110.270983	1789
-3104.681189	-4833.433557	1790
-11887.443716	-10051.253685	1791
-5638.759236	-2712.651918	1792
7363.039537	891.304476	1793
1672.630766	6949.686225	1794
7490.483177	427.210399	1795
-11664.552021	-8639.858853	1796
-19803.645044	-5444.576240	1797
4651.899845	45.456786	1798
4691.362754	49.707792	1799
-208.919194	5179.439597	1800
5058.922070	8838.211366	1801
3734.522708	7275.742378	1802
10137.026983	987.157708	1803
10161.703535	992.456227	1804
5064.116938	988.528175	1805
831.544279	2242.692095	1806
-15336.786520	-3548.559501	1807
-10965.124382	-5488.060357	1808
5462.859486	9196.213599	1809
-15248.416668	-3134.387326	1810
-11462.375962	-2490.905880	1811
-14996.493970	-3719.803188	1812
2578.594457	5181.397484	1813
-4608.869306	-2869.168039	1814
1893.701003	325.781335	1815
1886.485501	328.344288	1816
-8468.677002	-2313.590249	1817
3055.917672	264.890245	1818
3229.685748	9079.753484	1819
-11776.078423	-9511.988157	1820
7937.130394	790.208034	1821
8424.656476	903.260102	1822
-5171.061105	-2042.583325	1823
3681.496425	10186.035176	1824
-10040.972276	-3320.448912	1825
310.508688	322.643054	1826
3518.863343	2119.853787	1827
362.895109	194.411734	1828
-10826.828178	-4407.559261	1829
4238.175040	7287.564649	1830
-5412.655609	-3148.899225	1831
8149.359973	1228.827293	1832
3764.810172	4528.562430	1833
-20132.046742	-5616.787454	1834
-13988.320389	-3570.582677	1835
-15037.302680	-5192.861946	1836
168.217786	2701.782223	1837
-12536.369989	-2752.493116	1838
-9844.731477	-4682.027480	1839
5996.746999	12495.425392	1840
3600.112497	5217.855538	1841
-20922.858003	-5886.454988	1842
-20922.675123	-5891.844515	1843
-213.027177	5175.063021	1844
1668.014406	6947.168403	1845
5695.491499	9709.931405	1846
73.579938	318.097232	1847
359.631284	229.704201	1848
5310.969141	405.226723	1849
5307.450639	407.724877	1850
5309.182735	410.501475	1851
5305.753219	413.379285	1852
-10623.369599	-4409.849688	1853
8488.109050	527.305844	1854
2571.961542	5117.843747	1855
1963.913785	2784.524273	1856
3688.344226	7041.233840	1857
-10034.512068	-3318.113735	1858
3649.867430	4435.708355	1859
4202.331824	28.472700	1860
10431.012768	1049.598511	1861
4183.590341	343.046058	1862
10914.959627	1118.413454	1863
5063.352157	8833.849333	1864
1121.258970	-1894.482829	1865
-2600.125619	-243.768840	1866
-2600.304455	-246.314695	1867
-1446.637495	1107.032941	1868
-932.188580	-675.687373	1869
5483.361631	12811.420204	1870
5470.725914	12511.167091	1871
-17145.840819	-6331.909346	1872
3679.006931	7043.715459	1873
-15606.173650	-3255.745282	1874
8997.503808	1451.887062	1875
-17986.722453	-6922.183523	1876
-18210.253735	-7119.764056	1877
948.297161	1358.828559	1878
935.049300	1354.210373	1879
4718.749752	8169.364555	1880
-5642.762664	-2715.057926	1881
8485.589759	1273.186059	1882
-11319.506435	-7093.857439	1883
-5859.201174	-2274.619932	1884
-857.038228	-905.410494	1885
-16196.415530	-6874.898125	1886
-12532.984968	-2755.164354	1887
-13104.886642	-2793.272076	1888
-13222.737299	-3070.031694	1889
5057.831366	8831.266585	1890
-1775.647091	959.951221	1891
2458.345025	5115.545599	1892
-14389.125575	-2806.365861	1893
-682.736207	5648.092994	1894
767.192359	55.866067	1895
2476.457074	4040.340489	1896
-16787.332793	-4204.600265	1897
-5145.699620	-1075.384016	1898
1435.855335	-2005.113567	1899
-13123.371267	-2836.975024	1900
-923.903007	102.257637	1901
-14820.281918	-2998.906099	1902
-21548.035977	-6167.944741	1903
5959.703496	12366.605053	1904
2845.869922	1436.045984	1905
-8584.055755	-1900.982093	1906
5471.868200	12513.581187	1907
-2024.957757	260.636742	1908
-7320.381189	-1915.947278	1909
3728.015325	2400.732009	1910
-16749.215461	-4192.822699	1911
-6014.374531	-2319.439585	1912
-15652.197288	-6055.223698	1913
-882.060857	-445.098837	1914
-583.795641	-475.690441	1915
-14315.147459	-3945.496261	1916
-16208.213067	-4021.789948	1917
-71.348894	391.645899	1918
-14875.687902	-4252.374297	1919
92.588879	-1464.088905	1920
-13378.689493	-3280.936639	1921
4957.865054	1066.359898	1922
-12859.035888	-3659.939564	1923
-12829.096180	-3598.418688	1924
-930.511327	-667.394932	1925
2723.647625	-2347.227556	1926
-20019.379125	-5569.284225	1927
-19756.021094	-5428.089507	1928
-17327.241993	-6316.037904	1929
891.687865	1434.207226	1930
-11763.929618	-9460.390923	1931
-11722.867187	-9162.882869	1932
534.780004	1602.794418	1933
1668.844517	6942.563986	1934
1565.501959	-2007.144585	1935
-1349.802304	816.602057	1936
10528.590985	1051.611283	1937
-17324.589825	-6319.569545	1938
-9918.578817	-4312.837731	1939
-16365.502303	-3943.928715	1940
-17147.752260	-6329.553052	1941
3588.805465	7756.294303	1942
5422.919083	8723.876761	1943
5426.252111	10752.375520	1944
-6788.819510	-3742.075502	1945
4218.371588	7289.876515	1946
5339.635067	8769.744092	1947
-842.110768	-899.415013	1948
-11536.530675	-2822.578137	1949
3979.089294	8910.491618	1950
-13334.108682	-3239.935593	1951
-7182.824512	-2588.358862	1952
5521.716582	10994.346211	1953
-1273.103394	120.255987	1954
5870.115419	10177.268666	1955
-221.585360	5168.735991	1956
-17964.008888	-6901.521095	1957
-18179.893849	-7109.454288	1958
-13129.964951	-2833.277372	1959
4126.927535	7829.531779	1960
4960.109489	1063.723773	1961
6979.000780	499.182282	1962
-5343.447906	-3136.290615	1963
-13138.639715	-4479.742797	1964
-6017.627627	-6009.691757	1965
-5722.294920	-1252.715666	1966
-2941.912054	-205.494283	1967
-1920.742759	407.869679	1968
-2176.175831	447.737443	1969
-10706.292865	-4736.197320	1970
568.703009	-1490.151128	1971
5594.455645	9495.470315	1972
510.856977	1659.032117	1973
6799.078947	726.006697	1974
-14337.076057	-2869.875708	1975
-6446.498709	-4766.820219	1976
-16362.852110	-7129.631831	1977
-7199.463381	-2544.565857	1978
50.073534	-1439.509694	1979
-873.672721	104.713698	1980
3232.082222	1761.216295	1981
3229.098177	1764.080194	1982
3428.107914	3996.240342	1983
-2472.078477	318.839007	1984
-15202.328904	-3117.646004	1985
-10478.145662	-3270.386766	1986
1645.372701	1623.615341	1987
-1621.934112	114.706043	1988
-15687.454123	-4932.125584	1989
-15682.647388	-4936.156215	1990
-1245.233584	95.432810	1991
-16518.525081	-5656.196497	1992
-16516.590443	-5659.003111	1993
-16510.560942	-5661.312412	1994
-16695.843438	-4358.949060	1995
-25.861754	370.554465	1996
-296.720871	-121.006054	1997
-4863.455005	-1371.956618	1998
3239.426370	9003.004768	1999
-11203.085396	-6514.433355	2000
1866.899267	288.946519	2001
4974.246918	7360.766131	2002
1275.156552	1920.034174	2003
10830.846417	2145.413652	2004
-10112.001299	-2583.227613	2005
-6137.630986	-903.664972	2006
8204.444267	1209.152396	2007
10501.915071	2016.907060	2008
-2523.337392	344.746720	2009
-14290.675591	-3901.055546	2010
8323.501483	889.557236	2011
8569.618156	959.792800	2012
3769.833598	9741.818411	2013
-3121.470342	-4783.199919	2014
-3137.676638	-4792.602743	2015
-3133.656879	-4789.908860	2016
-898.696820	-93.137736	2017
-798.058291	-84.421713	2018
-1402.537184	1082.661474	2019
-15624.080952	-3245.029711	2020
3951.760210	8755.351911	2021
-43.623925	-1616.419740	2022
-6337.023427	-5099.513158	2023
338.418322	323.599311	2024
336.579398	320.342413	2025
4602.618146	43.799437	2026
-12031.362460	-10898.636778	2027
-12072.970469	-11152.437456	2028
-5650.531282	-2590.046462	2029
392.087482	1664.592272	2030
175.419989	1787.264144	2031
613.459572	1549.183287	2032
5681.191596	9661.066311	2033
5052.517891	9088.202658	2034
575.737450	1568.824581	2035
7896.297005	761.796001	2036
8477.961385	886.844547	2037
-5751.158030	-1213.871736	2038
3745.075947	7229.857202	2039
3766.121380	7233.147016	2040
451.741255	-1643.223450	2041
2504.869588	3999.799506	2042
-3126.124184	-4777.122409	2043
3853.956907	2455.195953	2044
2805.391597	4558.678221	2045
-17114.764991	-6291.024559	2046
1194.803272	3714.287084	2047
3909.988419	54.088851	2048
-3775.016698	822.800562	2049
4876.143119	868.795603	2050
-14762.637663	-3016.505446	2051
-13723.167171	-5525.064775	2052
1865.129922	298.855002	2053
1862.916109	301.709270	2054
573.801053	1569.801360	2055
3025.283041	244.535100	2056
3022.398080	247.288793	2057
-1979.322785	251.964603	2058
-16325.092705	-3914.567208	2059
-3001.050847	-646.795469	2060
-3055.905025	-582.446745	2061
954.773080	1330.733775	2062
3602.324130	-2675.933496	2063
-8589.804571	-1853.418744	2064
-475.028165	735.650864	2065
3928.940279	4851.218898	2066
3818.244422	4628.426140	2067
10502.728884	2023.478976	2068
-2707.664957	571.513889	2069
-2459.810243	538.644153	2070
-18174.396622	-7087.343427	2071
6595.164684	639.488299	2072
6798.464019	784.201013	2073
-2114.941426	-1243.786145	2074
8199.940469	1216.376654	2075
8197.792185	1219.461494	2076
4714.631550	8699.680121	2077
5143.602424	8202.902559	2078
-13972.551726	-3523.501793	2079
-13963.924413	-3526.023776	2080
-14785.252551	-3313.134298	2081
2813.159836	1397.436078	2082
3057.744896	1748.461654	2083
2508.001523	4915.766677	2084
-2924.858233	628.805511	2085
-4088.828416	-832.335272	2086
-4085.939992	-827.918845	2087
572.061059	1569.497605	2088
-20878.546263	-5871.931452	2089
-6147.729573	-1603.009736	2090
3055.252100	1751.401958	2091
3051.514015	1753.755264	2092
-12975.195053	-3695.460219	2093
-12971.860760	-3697.884391	2094
-4452.459822	-1901.960495	2095
102.622669	-1363.344431	2096
-17073.065117	-6198.548042	2097
3064.363710	4129.123479	2098
3708.556368	4438.864225	2099
3653.199720	7462.557714	2100
7174.609376	1038.845437	2101
3114.667067	9463.153497	2102
2799.006107	4554.516444	2103
8373.058099	904.561654	2104
-2838.704245	-720.231114	2105
-2842.608814	-717.320888	2106
4882.679395	873.334514	2107
7439.581719	417.541040	2108
7440.188409	424.888662	2109
7955.127782	639.012388	2110
-520.775514	-96.498407	2111
-7336.376418	-1867.071743	2112
3480.732616	8193.144408	2113
3712.187447	885.505188	2114
5453.785192	11251.764375	2115
5440.787089	11002.110275	2116
2198.628847	4394.305915	2117
-14956.969262	-3691.560708	2118
-14959.392321	-3694.276582	2119
-14951.271232	-3696.684354	2120
3849.264269	2461.890083	2121
5414.070395	8673.461559	2122
-9977.478162	-3815.236942	2123
-9857.845593	-4635.591179	2124
-9845.202193	-4633.257443	2125
-5880.432675	-2231.193488	2126
5643.171200	10933.668002	2127
-2842.970461	321.170882	2128
6676.241053	667.374486	2129
8473.141935	890.240871	2130
4136.441130	2747.838369	2131
1061.906513	-1784.540132	2132
6195.892517	13074.475022	2133
6120.580239	13072.161757	2134
3909.441696	2480.592265	2135
-6150.626716	-1842.152820	2136
-13123.771266	-2805.727334	2137
-4445.168468	-1899.359157	2138
1187.886430	3534.727816	2139
1185.624256	3532.016593	2140
937.202616	3734.568361	2141
-15558.102542	-3241.663112	2142
-10439.034404	-3442.365585	2143
-10496.027047	-3206.753952	2144
-10410.121167	-3689.694096	2145
5207.654922	8581.242055	2146
-18171.816439	-7090.472485	2147
951.990805	1328.068568	2148
953.851773	1325.760669	2149
8199.103684	685.455204	2150
2132.895786	6032.153520	2151
2125.934719	6031.738883	2152
2120.575750	6025.073194	2153
3651.140297	19.945857	2154
493.149677	2467.634536	2155
6358.855713	478.917089	2156
3924.099866	4853.638919	2157
8435.836757	1252.837161	2158
8434.331477	1258.078139	2159
-10721.595538	-4350.133830	2160
-5877.717849	-2228.306767	2161
6881.219677	808.699785	2162
-11568.980651	-8473.281859	2163
1359.177630	1820.746795	2164
2533.071393	3126.878601	2165
-12523.023795	-2708.110056	2166
-13354.372249	-3238.356335	2167
2361.845532	5588.206914	2168
-7238.335455	-1841.560533	2169
1342.014157	1076.205575	2170
-1908.686765	-1385.405981	2171
-17800.252814	-7143.933110	2172
10132.060400	976.895053	2173
10130.643522	981.704105	2174
10031.201062	989.461257	2175
10129.258250	992.056944	2176
-10427.832142	-3726.687787	2177
1197.425578	3716.758638	2178
-13188.790923	-2798.684783	2179
-11450.376892	-2444.819562	2180
-2409.086992	305.243777	2181
-170.897616	5140.636071	2182
5378.181485	10740.581269	2183
-16762.736606	-4163.816711	2184
-13404.164742	-3408.238096	2185
-13287.811640	-3187.303656	2186
-4102.933804	-3502.949780	2187
-43.035453	-1612.421806	2188
-40.673908	-1608.958547	2189
-3715.384119	-1169.797371	2190
3142.197928	9365.373969	2191
-6128.054817	-5750.595508	2192
-7037.946677	-2614.997236	2193
-5362.279814	-3090.081505	2194
-10747.805948	-4354.028837	2195
-10726.859718	-4358.665246	2196
-10692.314176	-4356.358956	2197
3994.119119	8862.573800	2198
2341.561625	-2228.250372	2199
2341.693455	-2224.958181	2200
-1977.468482	256.504487	2201
-17291.144357	-6276.129840	2202
-16454.107251	-3411.748900	2203
2560.963059	-2575.233167	2204
935.985393	1409.813633	2205
-15401.696031	-3121.096634	2206
5429.311401	11562.649002	2207
-15624.530108	-6013.813413	2208
-13358.182276	-3235.628243	2209
4284.070608	7244.011696	2210
4208.866455	7241.697798	2211
-2409.011607	302.393813	2212
5420.156353	10270.258246	2213
5415.024140	10267.089637	2214
3842.252612	2462.998205	2215
-10468.268939	-3274.858379	2216
5070.629121	8789.092613	2217
-16389.950571	-7169.977147	2218
-7466.089027	-1598.633772	2219
3708.542192	6998.771273	2220
-12827.515407	-3617.218551	2221
1679.093679	2988.992292	2222
-11329.255563	-7052.215814	2223
-11295.442761	-7049.877988	2224
9638.662534	905.194554	2225
-17947.327968	-6882.439405	2226
4791.435773	875.634953	2227
4730.550823	8700.638472	2228
-2636.061274	-854.357544	2229
-12116.160947	-11399.252840	2230
-11533.241126	-8123.730397	2231
-12031.422295	-10891.758692	2232
-6330.922312	-5098.321820	2233
-17289.474173	-6278.907563	2234
4743.625140	8090.322732	2235
4728.522824	8093.231803	2236
5516.882823	9147.462298	2237
-3292.445021	-221.248360	2238
1521.985556	-1981.080557	2239
-3012.557261	-198.464308	2240
-13123.366470	-4431.599021	2241
-13220.668346	-2801.464263	2242
-4092.757961	-3500.422949	2243
-11755.306139	-9411.318050	2244
5405.369151	8678.936465	2245
7891.310402	764.258740	2246
5403.261340	8681.798209	2247
1997.901626	6246.476591	2248
5544.096149	10943.782587	2249
5680.265520	9658.614548	2250
4041.079731	1191.158400	2251
5470.152103	12461.571769	2252
-3807.402377	-1044.963594	2253
-3085.420713	-200.890492	2254
-7458.618229	-1596.066076	2255
5521.556942	10948.432935	2256
-16169.806628	-3992.668453	2257
-177.525754	5134.828337	2258
-9975.720612	-3811.570650	2259
5150.401050	1225.958358	2260
819.479359	43.161552	2261
1970.825729	4655.122681	2262
2040.315622	-2282.881782	2263
-180.104745	5131.468216	2264
-7260.167813	-1837.281767	2265
-12983.229138	-4071.143691	2266
3980.372856	8860.134125	2267
-13392.191709	-4715.598538	2268
385.604117	-1866.275973	2269
2269.153095	4255.840222	2270
2538.738584	3133.785372	2271
3242.672930	9032.551243	2272
-17011.161307	-6239.444915	2273
5485.338561	10946.094271	2274
7780.223124	1071.035291	2275
-16964.032210	-4310.197046	2276
7762.339819	1069.944408	2277
-6096.530143	-5748.223771	2278
2491.964435	3988.226103	2279
7001.742221	928.932290	2280
-16855.044006	-4075.591187	2281
4723.443474	8701.283667	2282
5661.663595	10931.778861	2283
2922.734296	-2741.794529	2284
4759.648017	8142.493899	2285
-2639.507388	-857.642895	2286
2627.279712	5094.612232	2287
3993.676649	8812.072039	2288
5323.113178	10689.891863	2289
-13087.413789	-4402.721245	2290
-10054.276814	-3220.615961	2291
6562.072786	639.031949	2292
-14288.813085	-2850.882937	2293
4919.448787	7675.470422	2294
-5951.585711	-6199.812932	2295
-4374.818541	-3081.251362	2296
-14852.872313	-4669.790867	2297
-14844.669961	-4672.204227	2298
-14843.997061	-4674.754340	2299
5655.529525	10880.060997	2300
-1352.213650	789.336509	2301
-1261.216533	735.295774	2302
1681.325888	1588.276341	2303
4096.413445	300.132482	2304
4099.715174	295.344427	2305
-385.553055	-503.817392	2306
-15125.152732	-3786.928049	2307
-15655.628508	-4890.977927	2308
-15670.151996	-4893.404927	2309
-15634.166410	-4895.707148	2310
-17608.581182	-6610.473890	2311
-17465.907061	-6470.031053	2312
-6460.654342	-4718.607016	2313
-16921.903937	-6146.704665	2314
7845.743848	746.996666	2315
-968.103117	910.441462	2316
-13374.166217	-4669.727911	2317
-5037.403886	-3776.243071	2318
-5035.319195	-3773.378694	2319
-16483.758060	-5622.505522	2320
-16655.338113	-4330.176925	2321
-4665.049827	-2735.923799	2322
-240.426246	-795.174429	2323
-15762.025696	-4280.052543	2324
3127.108367	-2813.841796	2325
-4893.390284	-1333.959247	2326
-4891.038309	-1330.322901	2327
4838.677328	7671.509887	2328
7407.769020	541.686774	2329
-13120.386390	-4385.057411	2330
-6347.374697	-5051.321815	2331
8148.737358	675.504533	2332
8152.770367	678.034422	2333
4964.616548	7318.776865	2334
4934.440150	7316.420317	2335
327.331516	1711.611167	2336
3797.794595	9698.241270	2337
3813.009606	9693.596952	2338
3768.611394	9691.285761	2339
3743.511721	9695.916528	2340
-3161.387190	-4751.012966	2341
-3156.682237	-4748.384184	2342
3224.626676	462.706755	2343
4380.312646	537.382103	2344
5459.916928	11510.710347	2345
2785.465421	1357.188204	2346
4698.237987	8946.174467	2347
-5951.304939	-6197.086823	2348
-9755.299102	-4582.353462	2349
998.804968	1305.948278	2350
7952.615693	616.081107	2351
4513.338033	49.528642	2352
4652.452793	53.753341	2353
631.781380	1492.881285	2354
217.991010	1763.229530	2355
-16431.092409	-3499.379430	2356
2574.073158	3901.628884	2357
2432.816371	4050.783716	2358
2453.136276	4048.745221	2359
10455.322590	1999.311366	2360
-13702.518717	-5478.252956	2361
2246.904940	4317.265421	2362
2241.644320	4314.715937	2363
2294.606143	-2208.715560	2364
3401.607928	3952.850059	2365
-10191.893283	-2135.662281	2366
2780.491025	1360.672273	2367
5354.073948	10692.245216	2368
-1927.079007	262.783387	2369
3417.300304	5545.701102	2370
5403.209970	10240.740010	2371
-1419.007011	-590.425102	2372
1843.477692	254.612983	2373
6161.881878	13023.918951	2374
-8485.486482	-2214.152333	2375
4776.150897	8092.645966	2376
4764.103040	8095.562033	2377
2987.239205	212.319156	2378
2985.198494	215.189399	2379
3207.509556	1714.109776	2380
5502.918105	10895.554419	2381
-3293.056413	-217.482624	2382
-16984.505931	-6197.922241	2383
8495.410546	1230.221131	2384
126.777603	403.235602	2385
5124.157594	8159.116509	2386
-3849.047397	-1021.471406	2387
-14479.231316	-4285.402230	2388
-14573.411987	-4460.506286	2389
4624.427057	761.181330	2390
9589.634461	896.103305	2391
-14629.083666	-2987.652629	2392
-14679.665783	-2990.030122	2393
-11312.596303	-6999.779731	2394
4774.472987	7677.775629	2395
4703.243051	7673.817106	2396
4004.324999	2735.107048	2397
3199.773050	1719.745326	2398
4622.149697	764.298572	2399
1038.289025	-1844.425678	2400
-1357.084125	1063.085672	2401
-14993.628946	-5104.782584	2402
622.899811	1554.606232	2403
2285.686670	-2284.413467	2404
2286.223368	-2280.575827	2405
-4119.977585	-782.095707	2406
-4118.177068	-778.969599	2407
3259.557776	485.638015	2408
-20831.397536	-5848.417412	2409
-20829.506435	-5854.438343	2410
716.036236	1443.293820	2411
2523.393139	990.230269	2412
8325.864586	880.400522	2413
58.382404	-1338.205755	2414
-14608.175419	-2982.666080	2415
-5901.659073	-2186.200684	2416
-1161.273152	732.657548	2417
4076.197358	6133.556683	2418
-11714.633404	-9065.377469	2419
8563.877927	965.650132	2420
10626.750216	1086.052267	2421
-246.942121	-789.909047	2422
7390.490570	424.110478	2423
7389.497346	428.274731	2424
-11193.320698	-6463.938287	2425
109.232538	-180.513054	2426
109.535489	-176.518558	2427
2912.657751	-2412.841990	2428
3843.607222	56.702904	2429
28.280934	287.668101	2430
-13287.473014	-3153.546378	2431
-18134.426744	-7056.452256	2432
933.421566	-1846.731580	2433
-9961.770958	-4584.099507	2434
-2502.128991	-231.521015	2435
-2501.356723	-236.313410	2436
-2500.712644	-242.135611	2437
5676.584222	11130.876710	2438
-13284.039047	-3119.070999	2439
-13285.534896	-3116.293031	2440
-16129.630465	-3960.922677	2441
-10418.130644	-3641.225689	2442
1401.876706	1794.563116	2443
-408.242794	5420.112873	2444
8294.568726	884.540908	2445
8223.658955	887.254826	2446
8282.042262	892.544475	2447
-13196.157188	-2764.539115	2448
4001.668020	2737.692890	2449
-17733.958613	-7069.938485	2450
10448.456194	2009.076234	2451
5336.750995	9814.766229	2452
-231.353172	-792.237664	2453
6138.654595	13021.569583	2454
6130.860910	13026.247868	2455
-414.592352	5417.721430	2456
-12883.637428	-3793.034912	2457
4987.253204	934.124178	2458
4986.166632	937.792929	2459
-19330.533202	-5195.662378	2460
2827.252765	4513.361069	2461
-578.290918	-722.696380	2462
-576.595004	-717.534073	2463
-14515.122159	-3318.595193	2464
-12878.008245	-3790.733383	2465
3878.759476	2438.605903	2466
-12829.539087	-3568.012445	2467
-10723.630684	-4312.041715	2468
8375.757392	1232.526715	2469
8391.383946	1235.298646	2470
2521.499452	5031.079728	2471
2518.141000	5028.615030	2472
-16143.144264	-6793.584912	2473
3556.618412	-2655.085092	2474
3289.879125	521.911786	2475
534.546557	2440.719143	2476
10628.126191	1088.479805	2477
1720.636685	2961.574904	2478
-6125.787087	-5701.521722	2479
-2360.975163	306.046940	2480
-12507.038778	-2662.196809	2481
4384.804690	6198.156115	2482
-532.016485	712.388349	2483
10080.543379	971.467492	2484
10081.721240	978.577125	2485
-14511.127571	-3321.461754	2486
-15152.474697	-3106.478659	2487
5416.504800	10652.814766	2488
-2845.925578	-200.891808	2489
6881.609739	467.928165	2490
-13094.297546	-4382.753939	2491
-19.072879	1912.782265	2492
-12810.714251	-3565.695750	2493
5386.887060	8632.421454	2494
5198.251891	8534.129338	2495
6326.854329	450.719510	2496
-4105.470443	-2265.216751	2497
-5212.673818	-1024.571281	2498
-636.851020	-728.536582	2499
-7061.141158	-2569.864621	2500
-16808.289658	-4060.528541	2501
-5389.969463	-3047.917756	2502
3877.591655	2441.671451	2503
-5644.749604	-816.331390	2504
5382.449110	8635.808536	2505
8273.367672	697.769421	2506
-1929.296422	257.935919	2507
5429.760809	11515.315540	2508
-5207.074890	-1017.646452	2509
-1022.656444	-1013.109076	2510
-87.503385	-1590.624265	2511
5316.095098	8675.391469	2512
5388.214676	11513.010892	2513
4764.265724	843.029753	2514
10446.903186	2012.636119	2515
5939.971543	12267.518913	2516
-10197.396505	-2138.196150	2517
-16302.790031	-7044.851424	2518
-15125.439633	-3784.180353	2519
7.911331	-1409.358361	2520
2235.217467	876.214735	2521
7355.396341	846.511074	2522
5072.428044	8735.723862	2523
4145.378605	7731.775280	2524
3726.782769	6952.248850	2525
-12807.637252	-3570.351442	2526
-12023.045942	-10838.964600	2527
-15121.933603	-3789.446314	2528
-14258.763398	-3862.374982	2529
-14484.601660	-4303.431701	2530
-12990.017768	-2764.170600	2531
-12107.875274	-11349.979266	2532
651.325041	1525.252654	2533
-17735.704587	-6733.691311	2534
-1571.941413	114.616357	2535
430.066960	236.370246	2536
7843.978202	751.912156	2537
7646.159673	1025.682200	2538
471.746458	1611.015023	2539
-733.994735	-707.029778	2540
3439.034733	5533.336591	2541
-4480.164568	-1862.762074	2542
-6359.571457	-1312.522733	2543
8913.783731	1413.529216	2544
-3007.804124	-4947.984705	2545
-11193.292174	-6466.668542	2546
-13376.620515	-3366.408211	2547
3497.326418	8145.807978	2548
-3851.535021	-1016.643897	2549
-2706.657181	-855.664025	2550
-16261.935087	-3910.023929	2551
1231.304777	3683.524421	2552
8388.796626	512.828177	2553
-17307.091120	-4320.235744	2554
-17305.831533	-4323.078974	2555
6560.123596	634.499070	2556
-941.387592	-877.082987	2557
-939.382719	-874.445926	2558
5405.838212	10655.157424	2559
2003.117754	4615.188000	2560
-2340.844005	480.444007	2561
8752.591387	1000.302909	2562
1224.850882	3503.916975	2563
-16425.021950	-4025.844983	2564
-17037.918415	-6309.246679	2565
-11811.340522	-9480.304265	2566
-7207.253023	-2495.322351	2567
-2510.993051	1536.658644	2568
-139.865717	5122.331822	2569
-146.493695	5115.266739	2570
-19335.021439	-5198.055128	2571
8909.843704	1418.077844	2572
8909.159631	1421.162294	2573
-9673.943843	-5749.842192	2574
-16129.175192	-3966.102945	2575
1838.782834	6552.265253	2576
4039.666502	2683.703263	2577
-82.357873	-1583.475935	2578
5647.747604	10883.309234	2579
4159.526383	7734.119556	2580
6882.353443	475.231620	2581
2003.339082	4617.547084	2582
8388.556949	520.124647	2583
-6088.763427	-894.708860	2584
-528.248710	714.812536	2585
-531.487150	709.819596	2586
-13097.294941	-4387.376409	2587
-19332.444729	-5202.150647	2588
