43.4152	-238.783	1
35.9999	-236.449	2
-73.9417	-125.783	3
-64.9628	-119.934	4
-58.0359	-147.015	5
-47.4495	-135.177	6
-109.946	6.98094	7
-102.757	-9.56097	8
-54.201	-212.656	9
-38.056	-202.385	10
248.625	69.5305	11
239.332	69.7584	12
261.961	65.3581	13
261.128	68.054	14
40.0781	-90.4793	15
24.7448	-82.4874	16
40.4946	-102.122	17
44.1256	-95.2984	18
155.904	243.501	19
142.554	229.527	20
91.0709	-33.2829	21
68.5664	-19.7025	22
98.1785	-38.6128	23
149.866	25.1955	24
130.477	40.4314	25
-146.732	-72.7941	26
-131.561	-60.0632	27
-198.515	-43.3356	28
-190.657	-44.8873	29
201.969	70.3715	30
210.438	66.0842	31
175.125	77.1537	32
-32.2847	-240.365	33
-26.7519	-245.697	34
-23.5755	-248.302	35
-27.2156	-242.984	36
-31.7034	-234.888	37
-13.4691	84.945	38
-8.93096	69.2107	39
48.2092	-17.4316	40
40.0463	-0.486751	41
-29.7697	-47.556	42
-41.3196	-49.8573	43
-25.8183	-36.8908	44
-78.1869	0.680795	45
-65.1954	-0.368523	46
241.944	82.1441	47
234.541	80.748	48
-126.401	13.803	49
-117.844	1.65531	50
215.065	70.3516	51
204.816	82.7877	52
108.783	-26.872	53
88.5215	-27.9515	54
271.421	220.48	55
270.577	217.973	56
272.126	223.134	57
162.057	143.983	58
177.037	122.296	59
156.274	161.031	60
139.048	120.097	61
133.415	102.987	62
124.942	132.938	63
-184.352	-8.09874	64
-169.885	-16.5637	65
-246.817	-43.6208	66
-243.72	-47.4389	67
-228.811	-36.464	68
320.778	214.436	69
309.935	208.733	70
41.1238	-241.418	71
25.6486	-236.928	72
197.598	176.284	73
196.861	196.974	74
203.554	163.863	75
240.753	67.2067	76
231.645	69.0295	77
-186.71	-11.7034	78
-176.947	-14.0259	79
209.223	33.7718	80
181.912	41.0466	81
-40.9647	-212.256	82
279.628	113.041	83
307.174	120.158	84
301.682	117.721	85
292.481	120.062	86
297.562	122.525	87
304.999	123.334	88
287.242	122.529	89
305.696	126.083	90
297.141	124.904	91
306.612	128.795	92
292.119	127.312	93
259.783	113.881	94
296.385	131.11	95
285.108	124.943	96
283.876	129.672	97
283.931	132.089	98
104.928	147.847	99
113.143	143.344	100
-23.6162	-190.789	101
-5.7635	-181.52	102
-42.1914	-188.401	103
-42.1231	-181.278	104
256.957	236.135	105
254.005	233.812	106
153.05	30.9498	107
136.479	45.7664	108
-199.472	-63.3737	109
-208.098	-67.7126	110
-189.91	-63.6853	111
220.544	225.927	112
216.113	218.506	113
227.837	231.445	114
136.454	115.445	115
39.5331	-137.093	116
21.0267	-133.047	117
-47.5038	-94.052	118
-37.2348	-89.3885	119
66.0819	41.2972	120
82.6252	27.806	121
86.7601	30.2578	122
79.4942	30.1224	123
82.296	32.6961	124
80.583	35.1485	125
59.0579	57.766	126
60.2782	60.4425	127
65.3288	57.5891	128
57.4812	55.4202	129
47.4511	55.7453	130
54.0081	50.5496	131
49.5291	33.2671	132
49.7805	58.1888	133
58.0239	53.0533	134
48.1615	53.3307	135
45.1324	48.1238	136
325.495	262.404	137
322.319	248.928	138
-72.8874	-163.613	139
-68.783	-151.236	140
73.9412	168.847	141
68.9144	163.38	142
90.0681	121.854	143
86.4456	114.719	144
59.5156	77.326	145
65.343	63.669	146
-43.1103	79.674	147
-44.3136	71.044	148
-78.4344	77.2685	149
-75.534	74.5687	150
-82.8069	74.7657	151
154.651	33.4276	152
-12.5326	-114.118	153
-14.1848	-116.682	154
-75.5712	36.8886	155
-57.8601	41.0434	156
263.164	179.883	157
268.167	197.943	158
275.86	190.573	159
263.429	188.596	160
257.066	201.915	161
267.02	186.209	162
261.258	193.963	163
252.152	169.761	164
258.057	196.787	165
266.637	200.392	166
35.7015	-255.937	167
46.6449	-235.222	168
328.269	230.306	169
319.761	219.803	170
58.8433	100.003	171
73.5894	88.6147	172
-45.0056	102.844	173
-43.7351	99.8078	174
133.372	260.008	175
129.751	244.265	176
72.0532	-114.752	177
-19.6343	-161.931	178
-9.92431	-153.365	179
-44.4541	-172.569	180
40.143	-28.3083	181
33.9352	-24.3791	182
178.488	100.653	183
184.233	88.4323	184
156.736	204.992	185
151.427	190.057	186
322.73	217.079	187
183.698	201.251	188
185.42	187.327	189
327.264	237.871	190
304.789	236.683	191
5.23313	-226.484	192
23.8989	-216.77	193
48.0904	-253.14	194
49.371	-257.772	195
139.669	5.6509	196
128.977	18.1348	197
27.1489	20.3615	198
1.23282	20.5776	199
37.1879	21.3763	200
45.7776	22.5803	201
42.6867	18.9827	202
327.559	241.605	203
329.171	246.475	204
112.701	-15.294	205
88.0096	-8.95787	206
-61.2425	-58.0817	207
-68.2108	-53.3354	208
298.429	153.71	209
278.835	147.641	210
179.373	132.132	211
12.6719	9.72185	212
14.4989	4.63397	213
94.1261	-25.5599	214
105.661	-17.641	215
-45.6817	-125.468	216
-51.6687	-118.103	217
-21.4729	-45.8401	218
-45.2238	-57.3292	219
-40.3682	-64.3701	220
-42.3706	-59.6821	221
-29.5549	-57.1637	222
-46.638	-52.3254	223
-43.9636	-62.0701	224
-35.5151	-52.2317	225
-33.1956	-62.359	226
-34.4736	-54.7337	227
-34.8239	-65.0839	228
-42.3621	-54.8522	229
-5.04212	-32.3713	230
-32.8011	-59.6127	231
-38.3057	-57.2369	232
-24.8486	-62.0868	233
-19.8435	-59.613	234
-3.97363	-53.849	235
-3.2993	-51.0856	236
-153.911	15.2105	237
-135.603	3.50916	238
-133.981	-20.8423	239
-132.472	-5.58674	240
-144.389	-7.76073	241
-135.281	-10.2918	242
-144.649	-5.33047	243
-148.977	-10.3538	244
-151.957	-16.062	245
-146.315	-21.1396	246
-134.453	-12.7956	247
-144.22	-23.4673	248
-135.464	-24.8094	249
-141.325	-15.1992	250
-147.192	-18.6305	251
-148.772	-12.8211	252
-118.117	-1.87116	253
-129.412	-16.6677	254
-140.314	-18.3885	255
-130.093	-40.8058	256
-135.142	-28.7524	257
-132.591	-31.255	258
300.639	140.812	259
298.372	135.994	260
-1.66229	36.6993	261
-0.292944	39.7741	262
276.759	158.384	263
272.06	140.158	264
41.9057	-12.5105	265
74.2641	10.6108	266
63.804	12.9593	267
250.333	178.63	268
251.013	186.294	269
259.499	191.334	270
250.091	188.983	271
253.72	191.884	272
250.151	199.21	273
253.249	194.476	274
242.232	196.209	275
242.626	176.268	276
271.415	72.7246	277
238.246	75.8329	278
289.242	171.686	279
281.487	166.779	280
-141.3	-64.8973	281
-133.85	-44.0206	282
266.376	260.714	283
265.706	258.067	284
77.943	-7.36776	285
80.0225	-2.55812	286
233.569	96.9658	287
218.543	91.4886	288
13.9146	-97.5789	289
1.47144	-86.8283	290
102.488	150.259	291
98.538	147.364	292
104.331	143.812	293
213.806	166.541	294
213.986	154.329	295
284.97	223.111	296
267.296	210.072	297
282.105	233.315	298
275.236	230.813	299
-33.5043	-183.557	300
-35.1894	-178.907	301
-187.326	-76.9308	302
-171.223	-73.1124	303
-102.744	77.3342	304
-95.7538	79.6551	305
-105.326	83.5325	306
-209.831	-36.6773	307
22.8581	-180.754	308
19.3009	-165.256	309
-59.3903	-41.6172	310
-61.613	-44.6628	311
-58.1112	-31.5496	312
273.552	155.458	313
-21.4303	-164.249	314
-34.0752	-173.957	315
-16.9821	-176.134	316
-29.639	-176.383	317
138.448	266.989	318
173.109	172.291	319
176.161	156.551	320
128.559	257.584	321
234.723	37.2466	322
241.672	39.7559	323
229.771	39.7144	324
236.563	42.2335	325
224.302	42.3072	326
232.929	44.698	327
119.539	-25.0066	328
128.067	-22.5312	329
111.568	-22.562	330
37.1765	26.1834	331
14.8825	20.5984	332
-43.8438	47.6114	333
-39.0711	42.772	334
263.008	78.6525	335
265.636	81.2861	336
63.9648	-25.3566	337
51.4979	-12.5885	338
251.759	205.784	339
260.411	219.469	340
268.342	212.764	341
268.431	215.502	342
262.37	226.615	343
238.593	216.469	344
251.993	221.985	345
248.326	213.807	346
250.096	217.155	347
257.576	215.072	348
256.426	211.399	349
257.243	224.26	350
246.002	226.743	351
237.017	229.098	352
229.692	226.599	353
237.178	219.05	354
242.08	224.275	355
229.8	223.603	356
240.256	221.22	357
12.7081	-259.923	358
24.3786	-246.73	359
298.661	172.57	360
292.467	175.169	361
305.458	173.853	362
304.524	176.286	363
-85.7113	-13.4505	364
-20.7479	82.633	365
90.352	108.293	366
106.649	99.8359	367
-14.1083	-233.208	368
-22.0266	-217.286	369
-39.3921	-116.349	370
-22.7786	-120.543	371
250.065	62.7347	372
237.443	64.7886	373
-80.3586	-47.3437	374
-76.2752	-32.6811	375
-19.1711	61.9341	376
-10.0016	57.0868	377
122.218	275.185	378
117.672	264.822	379
117.809	278.656	380
22.9119	51.4704	381
34.3156	33.9792	382
-57.5764	-24.1584	383
-57.4846	-2.96706	384
-5.32994	49.5887	385
4.02099	42.1002	386
-122.608	-19.122	387
-118.394	-37.5513	388
54.605	-100.517	389
298.396	164.544	390
290.199	161.567	391
9.24228	-114.615	392
-211.385	-17.5843	393
-197.409	-31.279	394
121.351	-3.06393	395
106.146	-3.15535	396
-226.428	-104.091	397
-231.636	-100.152	398
-99.4683	99.0199	399
-94.5648	101.483	400
-106.01	96.6813	401
273.143	114.201	402
281.075	119.561	403
267.366	127.87	404
267.892	120.171	405
257.534	116.351	406
142.287	33.3093	407
111.836	54.7598	408
141.593	27.5775	409
152.226	28.4829	410
143.815	30.678	411
-22.3984	-193.224	412
-186.125	-24.1596	413
-202.808	-19.3958	414
-195.24	-21.8306	415
-202.563	-23.5315	416
-175.841	-19.3711	417
208.992	182.286	418
-213.273	-92.4533	419
-193.99	-84.426	420
62.0695	-14.2527	421
69.76	-22.1911	422
70.8639	-27.741	423
73.4133	-24.6339	424
14.9354	-271.263	425
14.9138	-267.957	426
-84.0907	40.9975	427
-71.0344	39.5268	428
63.4139	-171.16	429
63.8316	-168.248	430
74.4887	-173.36	431
196.93	190.59	432
197.214	173.453	433
27.1868	-161.575	434
107.106	154.856	435
-90.0616	-8.81147	436
-212.08	-19.8946	437
-226.964	-24.3686	438
-219.284	-22.4045	439
-230.406	-26.9232	440
274.855	150.01	441
-60.6644	-141.495	442
30.8729	-253.569	443
-41.9223	-164.141	444
-40.759	-157.121	445
-50.4647	-171.449	446
-54.1307	-168.889	447
-56.9935	-173.55	448
-47.4845	-168.919	449
139.845	-27.6499	450
130.139	-20.1347	451
-39.5479	-80.0162	452
-48.3461	-76.8129	453
-64.8055	79.6303	454
-65.5467	76.912	455
-248.111	-115.433	456
-244.459	-105.013	457
249.839	65.2894	458
223.461	70.6819	459
42.8866	94.765	460
47.74	76.2701	461
125.665	30.653	462
105.095	31.5021	463
36.594	-248.671	464
148.799	264.744	465
145.685	254.297	466
51.3672	-202.865	467
35.3377	-194.773	468
53.678	149.528	469
70.9857	139.969	470
43.5534	-52.1375	471
28.0614	-47.5301	472
55.9515	-52.9881	473
51.7517	-7.76518	474
-241.098	-107.571	475
-233.651	-102.655	476
238.812	200.936	477
241.246	203.252	478
238.028	198.594	479
233.696	205.776	480
-35.5569	100.759	481
-28.062	97.0547	482
241.966	193.404	483
234.22	173.896	484
264.104	123.783	485
239.389	125.82	486
-116.917	-40.0618	487
-117.551	-21.5226	488
122.382	-5.56076	489
-27.6221	-237.351	490
33.3553	56.2049	491
264.366	171.473	492
260.275	157.29	493
58.7216	-10.2438	494
-215.669	-53.8962	495
-203.62	-60.6086	496
-228.628	-66.6792	497
211.925	159.217	498
208.674	139.517	499
231.393	211.215	500
225.133	199.186	501
5.72838	-221.451	502
1.64185	-214.259	503
-56.3091	-91.7342	504
-47.1509	-87.0531	505
222.623	67.8778	506
-59.2755	98.5349	507
-72.1084	101.206	508
-68.57	98.7178	509
-47.4784	86.7053	510
-48.9099	-215.182	511
-41.6902	-231.128	512
-37.4413	-218.967	513
-54.8929	-228.854	514
-61.8287	-209.277	515
-26.2954	-222.202	516
-47.6972	-226.424	517
-54.4283	-223.737	518
-42.8506	-223.954	519
-47.8073	-221.217	520
-38.2727	-221.623	521
206.258	172.667	522
42.1868	-3.19941	523
-109.726	-73.9238	524
-109.947	-79.2652	525
-97.7028	-62.4952	526
-70.871	2.2113	527
64.1054	147.323	528
65.7871	142.332	529
57.8654	144.774	530
61.1083	139.931	531
46.1905	143.687	532
75.0459	136.563	533
49.9352	140.136	534
-118.38	-45.1653	535
-113.249	-27.6545	536
279.93	83.8245	537
20.7733	55.1356	538
250.061	240.602	539
247.961	231.413	540
-11.0719	-242.027	541
-9.33106	-246.605	542
-18.8237	-230.579	543
153.255	38.2591	544
-167.213	-27.1983	545
-164.74	-34.1739	546
-134.746	-37.171	547
279.436	173.883	548
266.031	162.853	549
47.5678	115.916	550
47.5545	99.0345	551
131.388	277.547	552
25.562	-14.821	553
-45.7689	76.4073	554
296.833	181.686	555
277.247	179.482	556
20.9673	-262.43	557
19.7576	-255.888	558
13.8818	15.2261	559
24.697	15.7091	560
18.378	18.0683	561
19.2142	12.8599	562
20.4363	22.9536	563
-15.4761	34.2674	564
-29.0068	25.6361	565
-11.9357	31.9208	566
-20.3222	31.7436	567
-13.7148	22.6589	568
-17.6621	25.0471	569
-25.3048	18.0943	570
-22.3026	22.657	571
-22.3228	28.387	572
-11.6658	20.3043	573
-18.9968	20.3445	574
-27.7046	20.6949	575
-15.7187	29.4556	576
-7.43282	27.4746	577
-14.6461	17.8554	578
-25.7504	15.7516	579
-118.966	-6.72488	580
-88.0282	-44.8303	581
-84.5565	-29.4628	582
-57.116	-53.7977	583
-43.8759	-42.8714	584
-199.058	-28.4801	585
-10.3057	-203.557	586
1.94444	-209.421	587
-17.1944	-199.519	588
82.2474	171.178	589
-67.007	-181.713	590
-67.5043	-175.035	591
44.5279	111.117	592
10.4283	29.7467	593
21.4623	40.3286	594
298.106	159.613	595
298.151	156.112	596
-48.7329	-79.1558	597
231.296	195.855	598
-60.8506	-202.349	599
-62.4353	-199.749	600
-61.8972	-206.739	601
-49.3069	-204.743	602
-188.21	-47.4158	603
-177.09	-41.9886	604
-44.3259	52.7568	605
-15.8433	44.8435	606
-180.987	-69.839	607
100.896	161.093	608
254.993	251.26	609
232.247	242.554	610
256.259	262.097	611
52.2393	-210.804	612
254.451	268.509	613
243.664	261.472	614
-90.4888	93.996	615
-80.4771	88.3394	616
266.952	85.2717	617
-72.8603	-129.98	618
63.6941	-28.5779	619
167.058	98.9876	620
171.772	89.8575	621
204.894	161.524	622
154.307	257.558	623
139.956	256.709	624
144.201	237.959	625
146.449	260.013	626
307.143	230.51	627
27.3243	-54.3229	628
8.28726	-37.8698	629
45.2201	-278.387	630
40.8402	-274.075	631
-65.7945	-184.077	632
-72.5735	-192.387	633
240.08	99.3286	634
-58.6712	-75.1434	635
-48.1332	-70.7706	636
-199.345	-26.0117	637
319.012	162.213	638
310.859	149.25	639
53.6054	-273.741	640
66.0899	-268.965	641
240.728	206.437	642
248.764	208.201	643
242.919	211.434	644
239.913	208.885	645
230.327	213.732	646
231.228	208.362	647
238.071	214.096	648
177.162	63.5537	649
196.911	66.5693	650
159.02	72.1427	651
197.41	64.2674	652
186.791	60.3277	653
-43.1795	-192.51	654
-37.6506	-186	655
-50.1871	-200.137	656
-39.8773	-197.497	657
-148.517	1.97913	658
-144.896	6.83802	659
-155.864	6.73839	660
-134.429	0.921831	661
-151.259	9.40221	662
-164.104	10.4217	663
-164.611	3.38489	664
-167.715	7.52863	665
-76.3362	26.3998	666
-76.7368	29.7897	667
-114.246	-100.079	668
-100.713	-88.0559	669
15.2785	-40.2076	670
20.2983	-42.7539	671
27.6645	-45.0597	672
167.757	197.078	673
167.461	176.987	674
60.5843	-289.404	675
-38.8292	-121.376	676
-49.8211	-128.005	677
43.1366	-210.232	678
-38.4941	-118.772	679
58.4462	-117.07	680
43.8762	-185.831	681
31.257	-183.42	682
-13.1133	-172.794	683
14.737	-200.799	684
129.173	282.282	685
127.724	286.753	686
196.306	205.788	687
-45.387	-96.4799	688
-29.35	-90.4135	689
219.991	31.2703	690
210.29	28.7593	691
135.903	-33.0746	692
142.972	-30.5434	693
60.9406	-50.5854	694
69.6737	-64.7363	695
73.6025	-62.3707	696
38.2381	-48.3557	697
-24.2966	-255.34	698
-17.1869	-244.445	699
-47.1817	-160.643	700
-37.3704	-154.808	701
178.466	65.9539	702
-62.0951	-153.575	703
-50.8842	-139.187	704
14.7789	-207.417	705
4.31067	-224.02	706
209.266	26.3505	707
-41.7519	-14.4745	708
-50.7387	-5.33438	709
260.664	167.382	710
257.642	173.848	711
43.1012	-59.6237	712
-26.0106	8.57281	713
-28.451	33.9541	714
-44.0987	37.2331	715
317.51	167.537	716
312.041	164.583	717
-10.1049	-107.044	718
-1.4034	-110.823	719
3.97585	-108.165	720
-26.0427	-102.73	721
92.3226	11.3449	722
-233.962	-105.235	723
31.8325	53.8097	724
-218.84	-50.4296	725
-128.973	11.0613	726
148.519	35.8582	727
21.6062	-167.61	728
29.7209	-180.712	729
53.9067	-172.273	730
26.5139	-175.826	731
28.9985	-164.609	732
30.3769	-170.957	733
38.9133	-173.601	734
0.964499	-162.832	735
40.6209	-168.51	736
25.0516	-173.303	737
53.6434	-169.693	738
52.1737	-166.827	739
40.2924	-178.678	740
38.5243	-166.199	741
41.6115	-163.863	742
119.468	136.764	743
117.904	130.588	744
297.598	178.678	745
-73.9901	54.85	746
-59.2137	58.2295	747
-72.0363	-62.0548	748
-75.6792	-55.3651	749
160.004	201.961	750
-25.1349	-18.4985	751
-37.589	-4.73018	752
-20.4887	-207.213	753
-19.6509	-195.804	754
171.433	24.2277	755
199.893	16.6115	756
185.295	18.2385	757
199.018	20.4337	758
185.24	21.022	759
194.216	22.8581	760
161.261	35.7306	761
194.611	25.4602	762
191.481	27.7313	763
-24.7625	-109.33	764
111.227	-20.1425	765
64.7357	134.606	766
62.3198	137.248	767
-25.0553	-71.157	768
-22.0815	85.0398	769
-7.90916	-198.335	770
-14.6157	-190.69	771
-86.5308	-89.9539	772
-84.8051	-72.0745	773
51.8875	-288.589	774
-75.1604	3.09993	775
189.522	209.043	776
10.1886	-229.854	777
-204.085	-85.2366	778
-12.2211	-109.487	779
9.40207	-112.262	780
-3.32772	-113.26	781
21.3418	-113.949	782
19.8862	-116.72	783
-88.4913	-92.8617	784
-60.5031	-84.015	785
158.348	130.605	786
-52.4	-132.73	787
-33.458	-123.681	788
55.931	-261.47	789
263.515	144.944	790
254.619	147.293	791
-6.01141	-211.964	792
-140.725	11.7196	793
57.3314	-3.22261	794
-141.544	-77.6019	795
148.252	202.21	796
140.759	199.834	797
153.477	208.376	798
140.997	205.971	799
146.211	179.802	800
136.995	203.615	801
135.306	201.119	802
129.568	204.571	803
129.282	202.199	804
136.908	198.134	805
130.118	198.567	806
122.515	200.037	807
128.416	196.112	808
1.29428	-244.289	809
-8.67233	-228.091	810
195.699	29.2319	811
-73.2611	69.8494	812
-70.6389	67.1735	813
0.557341	-234.294	814
15.6595	-227.396	815
240.925	234.626	816
-194.807	-38.2529	817
-67.8522	-104.206	818
-83.6447	-120.294	819
-82.2987	-122.764	820
-47.3022	-101.208	821
-78.4366	-117.65	822
-88.0508	-125.18	823
-195.95	-100.27	824
-193.088	-82.0143	825
225.572	65.4734	826
234.601	191.356	827
292.384	145.816	828
88.7942	72.4718	829
49.3465	-114.737	830
225.788	99.2852	831
-143.067	-38.094	832
190.037	45.7382	833
222.764	36.1598	834
210.923	36.105	835
195.807	49.6961	836
220.248	33.5876	837
263.002	149.674	838
265.963	130.35	839
109.99	-37.6724	840
-165.901	-0.344372	841
-154.894	-4.00076	842
-31.5556	-188.351	843
128.408	-15.5062	844
119.024	-17.7909	845
173.503	21.7689	846
11.2152	-51.632	847
-98.6189	-44.802	848
121.385	215.969	849
138.962	210.306	850
-71.1889	-145.718	851
-72.9425	-143.359	852
-63.4787	-143.986	853
-35.2858	-126.798	854
-68.3596	-140.958	855
-69.8922	-148.679	856
29.6743	-243.841	857
92.5962	-12.9097	858
-36.7624	-137.913	859
-33.149	-140.482	860
-117.665	-42.6386	861
-32.1208	50.2995	862
261.313	241.17	863
236.218	240.158	864
-63.8469	92.9695	865
-1.05018	-248.945	866
12.3269	-232.348	867
151.788	133.209	868
147.412	149.621	869
72.972	126.078	870
82.6425	111.632	871
76.2559	133.177	872
121.115	-8.0616	873
290.337	133.603	874
19.1318	49.1288	875
17.0897	67.0256	876
10.8542	72.4542	877
6.52655	51.2531	878
-2.73685	71.7396	879
11.7037	69.5334	880
2.45876	47.9312	881
0.163256	66.8045	882
11.9005	64.6919	883
182.068	206.69	884
2.16709	-229.583	885
224.873	84.2078	886
222.133	78.2035	887
-82.6028	4.99251	888
-83.5111	-1.73183	889
-87.5676	1.5993	890
-84.7084	-4.06677	891
-69.8952	-5.36483	892
-85.3845	-6.45473	893
-78.8085	-7.86695	894
-70.1261	-8.78381	895
-71.9735	-2.75295	896
-85.1874	-15.8491	897
-79.8811	-11.1173	898
-68.2306	-12.2939	899
-75.2222	-14.6728	900
-79.1562	-18.2459	901
-65.3586	-15.0041	902
-75.8992	-20.5797	903
-65.6947	-17.3058	904
-67.3522	-19.8075	905
303.746	180.999	906
263.257	118.99	907
30.8115	89.9882	908
22.099	99.8127	909
-148.289	-77.8535	910
119.231	-10.4231	911
49.9516	-285.897	912
144.784	58.1401	913
184.265	107.865	914
177.65	104.953	915
173.83	107.385	916
-52.4988	-42.1039	917
-233.186	-69.1848	918
-213.362	-60.4586	919
160.222	185.958	920
159.428	188.651	921
107.991	-35.2676	922
-12.3356	-193.172	923
-0.159919	-201.193	924
-2.66509	-204.414	925
5.25429	-203.692	926
0.574359	-207.059	927
6.12476	-206.885	928
-35.4585	-129.159	929
247.697	158.578	930
-50.5773	-190.744	931
33.3684	46.8681	932
86.6509	-30.8388	933
-121.846	-9.09367	934
-106.074	-7.03244	935
-121.645	-11.709	936
-113.626	-9.38167	937
-105.927	-14.3381	938
-113.777	-4.22305	939
-106.66	-31.9725	940
-117.474	-16.8119	941
-120.917	-14.2718	942
-108.542	-16.9191	943
-109.879	-11.8643	944
-105.299	-24.9491	945
-98.3246	-29.6411	946
-117.468	-23.8669	947
-101.648	-16.9492	948
-106.089	-19.3592	949
-92.0006	-24.126	950
-92.9983	-27.0597	951
-104.752	-21.7218	952
5.85146	-219.087	953
-84.9073	-170.344	954
69.1363	-181.673	955
61.7999	-180.893	956
105.022	-11.2444	957
-91.5633	-74.519	958
-81.5606	-62.241	959
67.4508	-247.453	960
61.3481	-226.768	961
157.136	194.02	962
-92.454	-70.6904	963
51.0333	-243.74	964
303.968	184.14	965
-87.1176	36.3532	966
-202.947	-39.0743	967
31.7868	36.3259	968
23.7561	42.639	969
-216.484	-62.7977	970
131.022	75.5586	971
145.65	60.76	972
114.898	91.2014	973
126.409	91.3821	974
123.944	88.7442	975
124.057	86.1686	976
311.01	192.16	977
292.178	184.036	978
-53.026	-107.253	979
251.74	110.945	980
229.262	108.449	981
257.867	231.369	982
273.792	225.517	983
-238.871	-61.9043	984
-235.518	-57.1836	985
316.733	239.288	986
23.605	-56.7705	987
257.663	121.401	988
125.381	21.2728	989
128.886	221.603	990
168.087	84.3664	991
-7.82703	-195.847	992
-108.233	74.5531	993
-198.554	-102.835	994
191.909	89.8526	995
-32.4147	-166.669	996
-29.8914	-159.528	997
240.385	171.53	998
240.573	181.032	999
-183.307	-39.1105	1000
-177.251	-21.6949	1001
-46.2255	-20.1931	1002
-44.2166	-23.4847	1003
99.8461	-115.713	1004
91.6459	-113.292	1005
-49.045	-163.536	1006
-106.816	-82.0423	1007
86.0365	-97.9782	1008
-11.2747	-209.517	1009
-29.5757	-212.442	1010
-21.2032	-214.816	1011
-25.499	-209.932	1012
-17.3014	-212.291	1013
129.009	24.3915	1014
138.275	17.1434	1015
-30.2182	-6.6894	1016
-46.4933	-39.579	1017
230.723	178.623	1018
222.641	191.096	1019
44.9802	118.25	1020
144.457	173.338	1021
147.041	170.851	1022
303.342	189.097	1023
167.399	92.1678	1024
159.741	179.335	1025
-236.969	-117.6	1026
169.045	19.438	1027
-27.7017	-185.872	1028
290.973	166.882	1029
83.661	-15.4534	1030
92.6798	-17.7672	1031
65.5219	-107.692	1032
196.737	143.5	1033
214.167	129.934	1034
-157.177	-43.7464	1035
-150.475	-32.8682	1036
67.1145	-286.959	1037
222.673	127.567	1038
-94.5336	-12.2573	1039
-14.8405	-264.086	1040
-8.82588	-165.159	1041
-230.272	-29.3583	1042
-218.966	-31.6964	1043
28.8162	68.7442	1044
21.257	85.9239	1045
36.5306	63.5234	1046
16.5769	83.185	1047
-231.484	-31.8859	1048
-213.642	-44.681	1049
-188.46	-68.9382	1050
-191.845	-89.2627	1051
-195.378	-95.2386	1052
-189.818	-92.7636	1053
-192.875	-97.8372	1054
163.394	59.8902	1055
57.677	-47.5011	1056
69.7914	-58.1612	1057
70.574	-55.7345	1058
-219.053	-106.937	1059
-92.2994	31.322	1060
-90.3019	25.5036	1061
54.3945	-16.4319	1062
-58.0597	-122.377	1063
288.869	141.989	1064
284.257	139.565	1065
284.247	137.102	1066
-78.1602	-23.6482	1067
223.227	208.115	1068
3.68697	-211.957	1069
-93.5931	-53.6518	1070
-67.2642	-107.136	1071
-194.407	-52.9597	1072
153.794	248.221	1073
1.2341	-193.511	1074
3.90427	-195.995	1075
-0.611715	-190.655	1076
10.7457	-193.196	1077
0.385478	-188.326	1078
13.9251	-195.849	1079
6.48348	-198.442	1080
11.3571	-188.101	1081
12.7882	-190.792	1082
-3.26569	-185.912	1083
26.3226	-187.796	1084
22.1659	-192.936	1085
19.3966	-183.062	1086
11.8542	-185.635	1087
22.137	-190.223	1088
6.92466	-183.28	1089
219.734	73.2183	1090
223.962	114.682	1091
221.1	119.644	1092
-108.912	-84.4672	1093
-86.232	-56.3121	1094
3.43771	44.675	1095
-75.0187	-29.5687	1096
246.319	145.33	1097
250.616	156.173	1098
249.049	161.07	1099
254.268	163.481	1100
236.787	160.812	1101
236.291	164.149	1102
244.681	163.657	1103
229.692	167.342	1104
242.175	166.566	1105
239.194	169.224	1106
255.528	127.759	1107
271.76	124.774	1108
1.81862	-11.2627	1109
-18.9157	-9.01326	1110
-152.894	-48.5597	1111
-58.1115	89.1614	1112
-48.5475	-98.81	1113
-134.997	-1.51348	1114
-96.1889	-38.0471	1115
296.542	186.718	1116
302.689	191.446	1117
157.621	245.823	1118
-96.3709	-50.232	1119
-93.1438	-40.7142	1120
-52.9764	-50.2268	1121
-63.3132	-47.4511	1122
-50.6751	-47.4885	1123
-42.3006	-30.3651	1124
-38.9447	-45.2238	1125
53.8854	-45.1518	1126
219.03	213.242	1127
225.075	210.83	1128
215.38	210.601	1129
205.943	215.062	1130
226.271	216.177	1131
-46.7575	-141.543	1132
-43.0113	-143.917	1133
-27.6281	-143.051	1134
-32.4447	-133.683	1135
95.9128	114.89	1136
93.4656	111.157	1137
-56.5199	-89.3737	1138
-49.4704	-82.8432	1139
-62.3102	-93.8053	1140
-52.2724	-17.5359	1141
-9.03951	-161.633	1142
62.3872	128.48	1143
24.4237	-130.424	1144
16.1441	-130.633	1145
129.413	117.765	1146
52.7652	-49.9179	1147
-209.343	-75.2432	1148
104.078	67.6	1149
155.44	9.47057	1150
95.199	65.3223	1151
232.848	119.565	1152
-6.48874	-221.308	1153
93.7095	-23.0122	1154
99.3605	-20.1868	1155
-74.3731	79.7003	1156
-91.6776	84.5896	1157
-92.8166	82.0855	1158
-83.9806	84.111	1159
-65.7472	74.2234	1160
-84.5413	81.7235	1161
-95.0401	86.8932	1162
-206.886	-72.857	1163
-25.8234	-129.28	1164
276.441	81.0595	1165
51.8054	-266.646	1166
57.3521	-271.302	1167
-12.738	11.9257	1168
145.836	245.851	1169
118.464	18.5664	1170
123.886	26.7381	1171
114.998	23.6103	1172
120.274	21.0972	1173
118.314	36.356	1174
75.9612	48.2718	1175
86.4995	45.7782	1176
97.3714	44.2512	1177
85.9136	43.3715	1178
82.7131	38.3595	1179
86.9378	40.9775	1180
95.1015	40.9525	1181
94.1395	36.0231	1182
94.7646	38.4522	1183
-110.691	-46.549	1184
41.8899	-56.8573	1185
-24.7779	-148.334	1186
-13.4829	-146.614	1187
-20.7917	-150.996	1188
-16.8302	-137.666	1189
-4.11969	-135.454	1190
-12.969	-141.286	1191
-19.745	-131.745	1192
-3.26192	-138.908	1193
-8.04832	87.4371	1194
-37.8789	-161.841	1195
307.709	244.169	1196
305.442	246.886	1197
320.43	251.642	1198
318.058	246.5	1199
312.788	249.321	1200
311.946	217.309	1201
323.089	244.092	1202
315.354	241.77	1203
316.804	254.213	1204
308.032	252.825	1205
307.165	255.865	1206
0.147056	-29.9545	1207
41.4344	-44.3765	1208
27.2629	-38.6503	1209
-74.0813	23.9558	1210
-67.6933	20.108	1211
-17.5702	9.37613	1212
-44.2732	50.1114	1213
233.989	47.3553	1214
207.986	52.1419	1215
273.433	169.124	1216
47.5136	-107.625	1217
-104.307	-55.6163	1218
-106.252	-58.9162	1219
-95.3744	-56.5188	1220
-93.9607	-58.8876	1221
150.739	11.7827	1222
-82.0971	-37.933	1223
-8.48454	-128.227	1224
-5.18795	-239.388	1225
2.46078	-236.663	1226
0.943819	-241.825	1227
212.862	125.242	1228
224.532	121.945	1229
210.8	122.715	1230
223.473	124.913	1231
237.638	252.556	1232
31.847	-41.08	1233
136.746	262.344	1234
-90.1736	-67.3706	1235
-224.798	-76.9423	1236
-217.255	-77.7543	1237
67.3929	107.889	1238
151.004	53.6981	1239
-36.2899	97.8676	1240
-19.5598	79.6645	1241
-31.8526	94.5546	1242
-35.8519	89.6656	1243
-42.7543	95.5596	1244
-52.8195	93.9717	1245
-46.1575	92.0487	1246
-38.0755	92.1957	1247
-37.8834	83.3216	1248
247.578	255.016	1249
307.477	131.356	1250
146.973	219.05	1251
-210.365	-24.5441	1252
-219.844	-26.9862	1253
260.615	228.933	1254
60.9844	-5.5835	1255
242.046	89.8399	1256
-193.497	-7.72589	1257
-65.0049	-186.781	1258
-37.1832	17.612	1259
-25.1218	-4.26374	1260
64.692	26.6542	1261
195.01	35.8139	1262
-10.3057	-123.4	1263
2.35326	-123.273	1264
-5.81235	-118.438	1265
-13.6689	-120.563	1266
-2.11928	-125.89	1267
-6.99232	-120.97	1268
3.6886	-120.767	1269
-1.5804	-115.665	1270
11.2408	-117.486	1271
-33.7557	-104.391	1272
-6.43726	-84.2353	1273
242.215	78.8422	1274
314.849	222.447	1275
-13.8406	-256.117	1276
-149.006	-46.2562	1277
-155.86	-66.8557	1278
-156.693	-63.7918	1279
84.9567	-6.58951	1280
228.519	181.969	1281
9.12144	-84.449	1282
-85.416	-35.4832	1283
29.7184	-26.6935	1284
6.99099	-13.6365	1285
-8.36499	-11.1784	1286
45.0751	-15.0531	1287
39.5553	89.3961	1288
-68.8031	-123.16	1289
-82.358	-130.655	1290
-74.4311	91.0658	1291
-8.4721	-167.627	1292
-8.30443	-170.328	1293
-1.51464	-159.227	1294
12.3036	-160.191	1295
6.11009	-172.212	1296
14.8238	-157.817	1297
13.1737	-162.772	1298
1.29676	-156.871	1299
-163.355	-11.4376	1300
-163.995	-9.05584	1301
-168.883	-11.4538	1302
-162.482	-13.7838	1303
-161.879	-17.5244	1304
-162.547	-20.1561	1305
36.5438	-176.285	1306
-19.7156	-34.4901	1307
-73.8911	85.9287	1308
-205.208	-9.2001	1309
-193.245	-11.1409	1310
-203.598	-11.7247	1311
61.965	-112.384	1312
-40.1726	32.5258	1313
-34.9009	29.5935	1314
-219.658	-65.2035	1315
66.2706	-192.728	1316
70.4653	-190.37	1317
-56.0984	-130.313	1318
125.505	267.193	1319
230.789	33.7037	1320
209.633	44.9263	1321
88.0666	65.2298	1322
77.6736	76.295	1323
-219.371	-67.521	1324
-233.888	-76.1395	1325
21.1985	33.3543	1326
18.2327	37.0637	1327
40.4516	68.1768	1328
33.9006	65.8482	1329
-246.458	-59.3593	1330
-249.535	-56.7391	1331
-76.9347	-44.9229	1332
190.211	92.2638	1333
-149.942	-53.4525	1334
-147.797	-38.5792	1335
-16.7885	59.5464	1336
50.3383	101.426	1337
-177.004	-28.9776	1338
-189.36	-50.6086	1339
-192.309	-57.4405	1340
-185.95	-54.9786	1341
-184.967	-57.5854	1342
-191.401	-59.8925	1343
-184	-61.4954	1344
121.508	220.765	1345
180.022	28.4471	1346
181.159	25.9513	1347
207.189	236.864	1348
79.4108	-105.374	1349
37.6113	28.624	1350
-55.5446	19.3262	1351
-42.775	22.6713	1352
35.3475	-142.017	1353
-68.1417	86.2246	1354
320.759	209.914	1355
47.7878	-10.1139	1356
-210.445	-22.227	1357
-208.115	-28.0611	1358
55.8195	24.397	1359
68.4452	24.3302	1360
65.8913	30.6504	1361
56.3427	28.9	1362
-96.1576	70.2874	1363
-86.2041	70.2465	1364
-53.2666	-96.1352	1365
-56.0968	-101.01	1366
-59.443	-98.4896	1367
-41.9695	15.0864	1368
-138.206	14.1956	1369
142.177	13.7508	1370
-51.7159	-178.716	1371
144.721	108.516	1372
151.459	91.0821	1373
130.693	219.189	1374
58.8451	-183.605	1375
48.1572	-176.133	1376
105.421	-40.0497	1377
-228.775	-95.8338	1378
-206.624	-94.7002	1379
-17.9273	-97.7516	1380
-118.445	-57.5592	1381
19.4797	-53.9552	1382
-10.3949	7.84145	1383
104.114	284.398	1384
76.9435	-112.439	1385
94.6921	-121.784	1386
-58.3173	15.2384	1387
81.6084	-107.751	1388
215.777	113.64	1389
236.341	158.247	1390
245.725	141.516	1391
18.0468	-20.0388	1392
32.5451	-29.233	1393
-160.244	12.8342	1394
-252.626	-61.8012	1395
-238.62	-49.9616	1396
118.706	259.943	1397
-223.553	-74.3692	1398
-21.0284	-111.792	1399
310.956	152.295	1400
308.399	154.969	1401
89.2193	67.6306	1402
-253.58	-64.182	1403
-248.068	-66.7216	1404
-240.438	-52.5299	1405
-86.4097	-85.0853	1406
204.127	42.5928	1407
-8.40131	-4.60202	1408
-16.1524	-6.65306	1409
21.3888	1.54207	1410
59.71	-200.486	1411
94.8822	100.664	1412
184.83	33.4016	1413
180.272	30.9578	1414
-16.6759	-261.202	1415
226.264	159.342	1416
233.605	143.277	1417
264.092	276.092	1418
266.277	264.43	1419
216.102	171.962	1420
8.79214	-216.552	1421
216.119	174.345	1422
200.712	184.666	1423
45.9947	-181.038	1424
-58.1763	91.6394	1425
-61.6961	103.358	1426
-58.3082	86.4998	1427
-58.4986	101.026	1428
216.487	63.1006	1429
-37.8021	-216.395	1430
253.938	87.6819	1431
255.909	266.15	1432
263.822	99.1225	1433
273.493	87.5836	1434
271.538	90.9442	1435
262.782	90.1158	1436
257.833	96.5939	1437
-46.5418	34.8771	1438
-51.7293	26.9067	1439
-61.1415	34.56	1440
-53.2656	30.8565	1441
-59.1006	37.2033	1442
-65.5037	17.6184	1443
-62.6324	24.3315	1444
-54.5145	21.8978	1445
209.92	31.2194	1446
-15.7593	47.2842	1447
136.797	-25.3217	1448
47.707	-246.278	1449
55.6903	-255.461	1450
-171.851	-33.0036	1451
167.904	33.3136	1452
268.353	96.0784	1453
273.299	93.5129	1454
274.374	99.6806	1455
111.653	139.104	1456
120.615	127.295	1457
52.6212	-110.011	1458
-27.583	-81.5533	1459
310.791	203.402	1460
311.294	206.422	1461
-14.1927	-95.071	1462
228.586	140.912	1463
219.778	156.857	1464
224.436	154.512	1465
227.299	75.807	1466
217.712	75.7744	1467
284.535	173.999	1468
157.85	155.972	1469
-32.6938	-75.6081	1470
-37.3748	-73.2692	1471
58.7587	-197.15	1472
36.0831	-139.507	1473
116.753	4.14129	1474
94.2463	2.05843	1475
118.799	1.55162	1476
129.667	0.442852	1477
125.111	6.62	1478
131.689	3.18284	1479
-180.232	-26.6344	1480
87.2386	-110.127	1481
86.9003	-103.049	1482
-221.517	-59.7918	1483
-222.061	-70.527	1484
-210.278	-56.2641	1485
-213.121	-65.1726	1486
-215.771	-70.0638	1487
-216.353	-72.5872	1488
180.321	179.345	1489
250.637	131.98	1490
41.4593	-271.431	1491
-115.275	-92.7842	1492
276.831	245.493	1493
276.283	240.58	1494
277.485	248.665	1495
128.011	226.698	1496
141.999	226.893	1497
-111.975	-106.018	1498
-116.589	-103.552	1499
-97.1269	-76.6555	1500
-206.403	-102.044	1501
-56.9077	-69.3266	1502
-60.1232	71.8301	1503
177.725	143.962	1504
-70.5662	-83.5432	1505
10.396	53.5877	1506
-184.564	-21.6545	1507
-45.8941	82.0311	1508
-52.6446	79.1687	1509
-54.4451	84.0484	1510
285.954	176.322	1511
218.045	80.5698	1512
36.3952	41.7388	1513
146.236	242.649	1514
-9.94092	82.3504	1515
36.4895	-278.9	1516
33.5965	-276.438	1517
-229.688	-111.484	1518
16.4525	-214.187	1519
20.233	-224.804	1520
22.918	-227.512	1521
19.2531	-234.379	1522
26.951	-232.111	1523
20.481	-229.885	1524
32.5064	-226.88	1525
30.7944	-229.307	1526
39.1038	-230.9	1527
45.072	-228.73	1528
47.4241	-223.525	1529
46.2374	-226.091	1530
36.751	-222.011	1531
47.5201	-219.656	1532
-15.2604	64.3813	1533
-2.65536	64.2297	1534
-11.8937	66.829	1535
69.2265	-110.066	1536
56.8916	-283.585	1537
55.5454	-281.1	1538
60.1391	-278.599	1539
54.959	-276.065	1540
67.8099	-276.25	1541
69.7966	-281.112	1542
72.0045	-273.772	1543
73.5262	-278.735	1544
79.5535	-276.142	1545
163.624	212.615	1546
163.461	215.252	1547
100.368	-109.864	1548
134.778	57.6086	1549
131.148	69.7437	1550
246.163	238.239	1551
281.317	160.809	1552
-53.8152	50.58	1553
21.6666	46.2583	1554
-201.437	-105.208	1555
254.576	118.937	1556
-11.1376	-28.5597	1557
-166.034	-22.4865	1558
-144.198	-69.7449	1559
-21.8452	-188.269	1560
267.318	147.268	1561
48.4934	-183.497	1562
65.023	-257.786	1563
206.019	151.971	1564
208.007	142.049	1565
76.9089	-100.709	1566
-35.349	67.3972	1567
-138.262	-46.4237	1568
-132.835	-52.8095	1569
-150.384	-61.3445	1570
-139.447	-62.4932	1571
-149.132	-58.8939	1572
-142.832	-56.0979	1573
-141.066	-58.7575	1574
38.4014	-134.552	1575
227.862	161.794	1576
284.996	155.492	1577
279.162	153.145	1578
45.3965	-7.64156	1579
-20.5984	-76.9817	1580
287.753	158.106	1581
299.664	162.027	1582
225.865	220.881	1583
-199.278	-57.366	1584
62.1208	-7.88974	1585
102.39	-36.9875	1586
-62.203	67.2101	1587
-90.0127	-64.8306	1588
316.607	195.977	1589
310.212	198.313	1590
319.744	200.624	1591
155.975	148.527	1592
-2.56387	-254.389	1593
-11.9415	-217.301	1594
313.476	211.16	1595
-206.241	-108.691	1596
173.181	168.772	1597
162.198	96.6775	1598
262.36	271.13	1599
258.823	273.734	1600
252.704	276.062	1601
-205.892	-77.6801	1602
-213.546	-80.1903	1603
-206.235	-111.009	1604
-66.4253	-132.652	1605
306.998	211.08	1606
-210.191	-113.573	1607
192.642	161.618	1608
81.6935	-18.9931	1609
69.1619	-16.602	1610
-1.6272	53.6035	1611
-7.30879	53.6518	1612
-2.17167	56.1079	1613
-9.21108	-76.494	1614
276.128	121.87	1615
21.3104	-40.2735	1616
26.7919	-31.9161	1617
19.7016	-37.3585	1618
24.8696	-34.3196	1619
17.934	-30.2161	1620
14.3743	-33.3557	1621
60.6975	102.455	1622
-38.9191	7.59308	1623
-20.0794	6.21778	1624
204.669	151.295	1625
15.1998	-92.1811	1626
32.4675	-191.876	1627
-237.969	-72.4112	1628
43.6693	44.3345	1629
-64.8143	-166.349	1630
-87.8298	-163.107	1631
-82.6851	-165.471	1632
-64.7873	-161.219	1633
-67.637	-158.578	1634
-77.6531	-160.534	1635
-76.0705	-168	1636
-55.3372	-161.323	1637
-50.9273	-158.069	1638
-56.9665	-163.856	1639
-64.4076	-156.212	1640
243.951	60.1612	1641
-101.045	-92.8736	1642
-135.684	16.5657	1643
174.105	80.316	1644
190.48	81.3679	1645
220.472	140.358	1646
-71.124	-195.005	1647
-61.7663	-86.6762	1648
11.5005	-7.97037	1649
15.3146	-11.7677	1650
18.1163	-9.27967	1651
30.5609	-0.407538	1652
21.3008	-2.81474	1653
-2.41635	-8.82448	1654
152.66	15.1412	1655
213.922	41.0774	1656
221.837	142.95	1657
54.8791	-58.0862	1658
-32.4042	47.5855	1659
-175.102	-24.3235	1660
-187.04	-95.1941	1661
-182.922	-80.6669	1662
163.857	166.173	1663
14.434	-241.75	1664
245.918	123.44	1665
-87.1227	-133.544	1666
-77.8577	-135.909	1667
-204.419	-82.6568	1668
-211.829	-85.9554	1669
-203.319	-88.3258	1670
-203.583	-90.7431	1671
-203.781	-80.1611	1672
196.345	31.7353	1673
7.44671	-0.190811	1674
94.1811	70.1006	1675
155.392	173.207	1676
192.861	40.8739	1677
205.318	38.5761	1678
196.269	38.3235	1679
179.827	35.7263	1680
193.332	43.3622	1681
205.108	57.1043	1682
199.093	54.4905	1683
189.885	56.8033	1684
203.088	59.448	1685
187.854	53.7965	1686
325.758	264.941	1687
-180.832	-31.4909	1688
-28.5126	77.299	1689
141.13	249.2	1690
144.793	251.526	1691
176.571	94.7936	1692
43.6684	-128.452	1693
42.8858	-123.365	1694
33.4868	-124.162	1695
43.3508	-125.976	1696
34.1556	-128.971	1697
42.3158	-120.535	1698
37.5402	-131.43	1699
-193.347	-3.37289	1700
-184.508	-5.37918	1701
-30.1997	-232.262	1702
-17.4234	-87.6692	1703
225.85	235.124	1704
216.42	237.149	1705
216.459	232.753	1706
216.251	230.271	1707
99.9816	70.0826	1708
-194.407	-66.1052	1709
-203.618	-65.9529	1710
-54.1836	75.536	1711
-98.7297	75.0244	1712
-89.6586	72.6329	1713
-87.9633	77.3371	1714
-74.5813	-172.726	1715
288.724	188.757	1716
298.808	196.683	1717
97.2742	67.6553	1718
55.4783	-98.1658	1719
-74.2338	-35.5514	1720
231.323	150.666	1721
-32.337	74.9364	1722
-109.511	-42.691	1723
1.08814	-6.19487	1724
9.1503	-2.75833	1725
-205.509	-63.1283	1726
-93.7311	38.6845	1727
-61.8778	-112.057	1728
233.332	78.2439	1729
-75.7852	-120.446	1730
-79.4843	-143.199	1731
-37.8181	57.504	1732
-71.092	-92.413	1733
-65.0781	95.3472	1734
240.094	92.318	1735
229.167	89.866	1736
241.415	94.889	1737
230.566	94.6395	1738
248.283	93.003	1739
12.5115	-125.845	1740
-248.733	-50.0527	1741
275.863	124.455	1742
-38.9141	-227.276	1743
233.539	129.426	1744
222.953	135.434	1745
128.38	250.383	1746
122.289	255.254	1747
144.625	95.6129	1748
151.699	82.622	1749
272.294	165.545	1750
-35.3308	-192.238	1751
-109.767	-95.2262	1752
-9.09645	-25.3779	1753
-21.2668	-23.5095	1754
-8.03842	-21.7234	1755
-21.1381	-21.1248	1756
-10.2202	-18.7986	1757
-15.9275	-16.485	1758
-71.0107	-101.777	1759
26.4816	-205.431	1760
34.4325	-7.60138	1761
53.5916	-23.0208	1762
42.5421	-22.0628	1763
25.3638	-5.27699	1764
51.4277	-19.7317	1765
91.6492	158.691	1766
95.5828	166.813	1767
91.4751	149.782	1768
81.2504	164.755	1769
93.1692	162.366	1770
78.6152	161.077	1771
-69.9004	83.4865	1772
60.8839	90.9296	1773
60.0146	88.1121	1774
113.36	13.5153	1775
95.9308	13.7086	1776
184.57	141.177	1777
18.617	92.9198	1778
-115.981	-97.6233	1779
-150.251	12.3607	1780
242.986	108.434	1781
152.387	176.188	1782
21.4352	-84.8448	1783
133.483	61.9197	1784
208.688	170.212	1785
225.401	137.933	1786
-118.999	-31.481	1787
266.468	251.343	1788
267.359	255.645	1789
-162.37	-31.7185	1790
-2.14477	-2.19591	1791
-31.3096	3.50993	1792
262.154	248.208	1793
-43.5361	-150.057	1794
-35.8589	-148.353	1795
-98.3682	-68.5677	1796
-147.273	17.7538	1797
-238.03	-38.7985	1798
-35.4716	-152.363	1799
-33.0527	-145.96	1800
-49.202	-25.397	1801
240.68	113.178	1802
-50.7086	-166.473	1803
27.009	-80.1029	1804
12.0295	-73.0165	1805
120.213	252.782	1806
-238.547	-41.1422	1807
-226.831	-42.2723	1808
-236.129	-45.1196	1809
-233.009	-47.6505	1810
-227.929	-44.7198	1811
-223.512	-47.1927	1812
-227.013	-52.3113	1813
-221.453	-57.1577	1814
133.529	232.427	1815
-29.9447	-229.84	1816
-27.5579	-227.296	1817
16.1628	-211.746	1818
30.6415	-214.375	1819
0.400712	-104.934	1820
106.797	106.588	1821
150.734	144.845	1822
166.479	133.801	1823
-14.3346	52.2913	1824
282.448	186.359	1825
291.244	191.082	1826
280.076	115.633	1827
-8.72464	-87.473	1828
-2.13406	-265.187	1829
-69.2493	88.6582	1830
287.01	150.77	1831
299.318	151.363	1832
294.101	148.264	1833
26.496	48.6014	1834
36.5218	38.7306	1835
35.3928	44.3857	1836
15.5756	-247.053	1837
270.106	142.568	1838
159.77	223.527	1839
80.4219	-0.243205	1840
207.376	100.49	1841
236.574	237.456	1842
-195.868	-48.1167	1843
141.16	92.298	1844
149.366	80.0023	1845
-65.2803	43.701	1846
163.126	181.791	1847
-178.642	-16.9109	1848
200.473	61.8868	1849
221.166	44.6447	1850
226.455	50.2639	1851
-139.303	-40.1346	1852
243.169	129.592	1853
37.541	-79.2228	1854
187.376	189.661	1855
-61.6921	-179.007	1856
52.115	-0.83312	1857
63.844	1.40558	1858
64.4694	-1.21334	1859
50.1509	4.36418	1860
50.4854	1.99211	1861
59.7143	4.45344	1862
60.9253	6.95643	1863
49.2635	6.72662	1864
62.8098	9.70126	1865
51.0034	9.51561	1866
49.2979	14.625	1867
52.6691	12.0837	1868
46.2666	12.1313	1869
241.832	134.356	1870
277.836	134.568	1871
131.614	213.805	1872
125.321	218.355	1873
-89.8462	28.5947	1874
-16.4986	-227.318	1875
-51.9491	-121.405	1876
-16.3642	-1.88669	1877
-13.1167	5.47097	1878
-5.82695	5.53706	1879
-21.7616	3.78796	1880
-13.203	2.95975	1881
-22.3114	1.16175	1882
81.3898	-64.6359	1883
-126.426	17.6481	1884
51.8574	-105.167	1885
259.516	70.3824	1886
-20.1283	-157.125	1887
201.99	24.103	1888
-102.583	94.205	1889
-92.7268	91.0064	1890
-31.0363	-33.6565	1891
117.339	11.1762	1892
275.472	251.026	1893
270.756	235.631	1894
316.988	262.692	1895
315.812	266.063	1896
53.7261	-137.749	1897
-114.649	-48.8989	1898
74.549	-181.711	1899
203.51	154.612	1900
-169.39	-93.5399	1901
231.327	110.765	1902
260.178	141.27	1903
163.273	82.0506	1904
276.127	171.539	1905
53.0672	-194.787	1906
10.2907	47.055	1907
13.0941	43.941	1908
-17.3067	-219.681	1909
24.205	-250.602	1910
36.3146	-246.171	1911
284.335	189.373	1912
284.426	192.608	1913
70.8863	-271.269	1914
66.3667	-263.517	1915
137.872	223.942	1916
215.785	176.862	1917
218.75	161.71	1918
84.6825	124.207	1919
271.812	117.69	1920
266.84	132.924	1921
-222.006	-97.7201	1922
141.113	55.8017	1923
-138.356	6.9853	1924
189.57	168.898	1925
-90.9057	-95.5599	1926
-93.052	-87.404	1927
149.413	6.39659	1928
68.3916	-240.159	1929
-61.1862	-134.965	1930
128.766	264.655	1931
141.205	112.408	1932
-164.181	-50.8374	1933
-167.36	-42.8598	1934
-163.433	-46.2377	1935
-177.845	-44.3799	1936
-179.654	-49.5344	1937
-172.278	-51.9602	1938
-167.97	-54.4733	1939
-179.527	-51.9286	1940
-174.286	-54.5488	1941
-178.881	-47.1823	1942
-171.733	-48.6768	1943
-162.799	-53.6361	1944
33.2592	117.888	1945
28.3365	115.375	1946
39.6412	113.53	1947
31.0244	111.145	1948
-13.8158	-258.469	1949
82.8943	62.4944	1950
-6.19924	59.4092	1951
0.600738	61.8442	1952
-224.367	-101.698	1953
-107.314	89.342	1954
34.0221	-239.144	1955
159.408	168.563	1956
224.416	103.015	1957
-10.6742	-97.5312	1958
-22.2503	-92.7147	1959
199.851	76.4642	1960
-81.9341	67.818	1961
212.253	54.5725	1962
215.831	52.0984	1963
221.213	55.3287	1964
218.279	57.7857	1965
223.373	52.61	1966
46.1613	-200.511	1967
311.552	186.47	1968
32.8873	-266.707	1969
43.2387	-269.068	1970
42.4356	-264.271	1971
45.6029	-261.725	1972
51.9805	-264.184	1973
109.368	-0.799321	1974
219.385	47.2275	1975
204.434	49.7825	1976
213.701	49.6254	1977
-87.658	-47.4424	1978
-93.9275	-98.0252	1979
-106.591	-97.7107	1980
-94.4343	-100.395	1981
-106.149	-102.485	1982
-87.2083	-69.6965	1983
-97.1926	-104.882	1984
324.293	223.329	1985
286.821	179.33	1986
140.451	10.5009	1987
-82.5672	23.148	1988
-90.3923	20.7149	1989
-78.5111	19.3227	1990
193.186	78.9956	1991
197.629	72.7598	1992
188.885	75.0788	1993
181.5	72.7418	1994
143.249	233.418	1995
47.1768	78.6946	1996
147.123	165.942	1997
45.6306	-198.207	1998
53.4077	-90.5979	1999
-129.505	5.90384	2000
94.9754	62.7725	2001
21.2043	-277.052	2002
-49.0148	-209.928	2003
184.353	171.312	2004
-60.4635	-37.4402	2005
90.0055	60.166	2006
108.054	65.1566	2007
-76.2128	72.2351	2008
-87.4611	65.4284	2009
277.267	163.239	2010
-205.896	-31.2313	2011
-213.551	-29.3019	2012
90.9247	-5.17877	2013
95.3803	-0.348401	2014
110.315	-5.49476	2015
99.2496	-6.17987	2016
108.922	-8.72435	2017
96.8426	-8.86219	2018
92.4192	-2.77167	2019
102.667	6.42143	2020
108.671	1.77296	2021
89.5949	4.37899	2022
92.3029	7.05306	2023
242.132	72.0699	2024
19.7405	-265.023	2025
83.7788	128.361	2026
73.1505	130.796	2027
-37.5235	39.5818	2028
245.579	243.618	2029
308.843	133.747	2030
288.785	163.975	2031
174.57	119.425	2032
151.514	102.992	2033
-234.745	-113.986	2034
108.149	62.6833	2035
86.2442	57.6319	2036
102.162	57.7633	2037
103.959	55.4239	2038
94.9158	55.4206	2039
87.7888	53.0628	2040
98.2427	53.0927	2041
85.3639	50.5774	2042
96.0254	50.5212	2043
94.7656	48.1304	2044
103.746	53.1	2045
108.015	50.5177	2046
107.366	47.9253	2047
-28.1852	-1.29717	2048
-10.0701	0.565426	2049
-3.91579	2.88291	2050
-8.0822	39.1595	2051
6.93333	38.217	2052
4.25075	35.7974	2053
307.052	220.069	2054
10.3501	34.6365	2055
-10.9905	-71.4798	2056
-1.65783	-74.1129	2057
4.34682	-79.0762	2058
4.01781	-76.7059	2059
310.277	141.621	2060
322.662	151.591	2061
320.179	154.809	2062
-82.6651	101.683	2063
-85.6606	99.1687	2064
-77.0881	94.1046	2065
-82.7165	91.6374	2066
138.988	65.315	2067
55.0613	108.858	2068
32.6561	-116.919	2069
147.478	224.545	2070
310.359	157.311	2071
-23.8769	-233.446	2072
-101.598	-79.7344	2073
-102.71	-74.9572	2074
-31.9592	52.6623	2075
80.1607	-243.08	2076
163.177	77.2593	2077
-66.5928	-109.516	2078
275.741	192.889	2079
275.131	195.307	2080
-17.9674	-235.724	2081
-40.6753	-37.2353	2082
318.577	139.162	2083
307.381	138.377	2084
304.577	144.03	2085
15.0541	-0.333645	2086
210.28	19.2931	2087
206.369	21.9232	2088
49.8101	-248.669	2089
24.9481	-258.64	2090
35.4851	-261.893	2091
32.8393	-264.241	2092
37.0535	-259.42	2093
83.8098	-95.3504	2094
-142.993	-48.7483	2095
-148.453	-55.8377	2096
-143.824	-51.1086	2097
7.65867	32.1934	2098
-245.765	-109.94	2099
-236.523	-110.716	2100
-244.716	-113.107	2101
-229.197	-108.382	2102
238.905	155.09	2103
31.8492	-212.027	2104
132.993	124.752	2105
66.5122	-265.854	2106
-54.7766	-195.071	2107
201.999	97.9209	2108
-28.6275	80.332	2109
-198.089	-75.3573	2110
262.163	137.735	2111
149.552	182.263	2112
-34.1253	-224.816	2113
-26.7202	-183.374	2114
-20.4754	-181.063	2115
192.048	166.271	2116
27.7022	39.419	2117
168.966	30.7073	2118
220.793	239.535	2119
-80.2567	-26.9659	2120
261.345	176.268	2121
110.466	8.85643	2122
35.14	-234.024	2123
45.7128	-232.187	2124
58.0325	81.0089	2125
60.7171	-252.472	2126
274.867	137.116	2127
59.6853	-250.031	2128
197.231	170.555	2129
29.8527	-126.607	2130
226.481	87.169	2131
231.44	84.6806	2132
13.3137	-5.13615	2133
-30.3821	64.0328	2134
-44.2228	73.8435	2135
-51.7299	71.523	2136
-50.197	69.2019	2137
-180.35	-73.311	2138
8.72448	2.23441	2139
-17.1365	-239.714	2140
-73.7707	-39.7048	2141
-69.4746	-42.2851	2142
141.059	177.253	2143
128.492	187.163	2144
149.796	186.936	2145
138.893	188.477	2146
131.679	184.751	2147
200.411	47.3476	2148
261.557	135.409	2149
242.622	150.132	2150
229.496	157.025	2151
240.735	152.715	2152
-189.523	-72.2036	2153
-184.226	-86.7325	2154
-174.657	-75.6345	2155
-190.125	-79.3396	2156
-183.035	-83.2711	2157
-175.791	-84.3196	2158
-172.285	-87.4154	2159
-180.342	-89.8927	2160
-176.709	-92.2732	2161
170.414	146.289	2162
238.781	259.143	2163
-56.6938	-197.404	2164
130.779	246.923	2165
-47.5791	-207.158	2166
132.682	64.384	2167
27.6196	-209.36	2168
40.8619	-207.535	2169
37.7857	-202.872	2170
28.3683	-203.009	2171
142.39	221.462	2172
-45.5198	-195.043	2173
-57.7498	-181.404	2174
-46.8198	-183.63	2175
-42.4727	-176.445	2176
-53.5508	-187.542	2177
-60.4519	-192.557	2178
-61.2611	-190.145	2179
-56.3023	-185.08	2180
195.156	148.997	2181
191.981	153.916	2182
187.31	156.42	2183
185.539	159.303	2184
190.551	151.385	2185
199.667	157.045	2186
116.332	284.446	2187
150.823	137.637	2188
118.705	-29.7379	2189
269.499	157.918	2190
-217.55	-101.932	2191
-71.7631	-99.4057	2192
248.623	173.927	2193
101.227	-29.9357	2194
6.96656	55.9193	2195
-125.961	-68.3325	2196
-127.288	-57.6745	2197
77.2586	-192.718	2198
72.7663	-187.713	2199
-72.1772	41.9478	2200
65.4099	-103.118	2201
-25.2234	-68.8103	2202
-23.8388	-66.0766	2203
31.071	75.8283	2204
229.027	193.444	2205
-24.5513	70.1335	2206
130.767	235.654	2207
134.462	240.32	2208
122.14	241.878	2209
120.501	238.271	2210
118.091	233.741	2211
106.369	238.313	2212
109.757	240.71	2213
126.441	-27.4111	2214
132.479	-29.7463	2215
123.827	-32.2689	2216
124.592	-12.8492	2217
122.367	-15.3548	2218
119.69	118.719	2219
-27.248	44.5174	2220
-219.51	-34.1318	2221
220.846	28.8745	2222
317.365	229.028	2223
316.9	226.705	2224
12.3905	-89.1321	2225
192.569	102.082	2226
-62.7604	-137.441	2227
-57.7891	-12.3919	2228
-55.3843	-10.0113	2229
-54.1038	-14.9751	2230
240.409	263.79	2231
-142.296	-33.2673	2232
58.1115	-95.7622	2233
271.508	76.2472	2234
-141.4	-80.1728	2235
231.203	247.755	2236
129.996	-2.06976	2237
225.845	250.24	2238
-112.861	-90.3558	2239
-105.977	-105.548	2240
-119.659	-61.2414	2241
-81.2737	-42.5035	2242
-33.5804	-40.7543	2243
-28.3267	-112.06	2244
-21.3977	67.544	2245
109.864	270.129	2246
106.895	255.111	2247
-7.58576	-207.117	2248
122.539	123.791	2249
229.28	73.4553	2250
65.6544	-245.06	2251
238.986	132.051	2252
115.923	293.382	2253
111.93	291.057	2254
269.32	160.347	2255
273.96	160.714	2256
232.236	135.013	2257
52.3197	-42.543	2258
54.0634	-55.4791	2259
50.8623	-60.4455	2260
48.3903	-54.4702	2261
258.636	253.805	2262
252.923	257.359	2263
133.048	252.726	2264
73.8157	27.2338	2265
-52.4089	-7.70719	2266
-201.47	-45.8012	2267
146.72	175.756	2268
91.7246	103.015	2269
96.8931	97.5073	2270
250.866	76.2851	2271
114.961	281.849	2272
112.338	286.834	2273
100.669	157.692	2274
63.8824	-93.3303	2275
26.1892	-200.617	2276
-77.8636	-186.594	2277
-72.2849	-184.07	2278
-75.6949	-189.341	2279
31.8722	-20.1235	2280
36.8092	-17.5973	2281
-181.121	-104.429	2282
-8.02448	-236.931	2283
-144.722	4.3944	2284
-97.9398	-65.4825	2285
-67.4976	32.1757	2286
-64.3578	28.4493	2287
115.875	246.843	2288
71.4221	-95.995	2289
-24.7383	65.0633	2290
-6.95559	-225.603	2291
-62.105	84.1273	2292
-9.55282	-92.615	2293
124.507	121.167	2294
-53.4266	-155.617	2295
68.2068	-53.3729	2296
46.9215	-142.746	2297
-68.8392	-128.265	2298
-59.8871	-125.642	2299
-63.0434	-128.139	2300
262.024	204.261	2301
119.268	60.074	2302
324.597	226.673	2303
4.49557	58.4279	2304
-53.2014	54.0042	2305
251.59	248.451	2306
245.414	246.115	2307
241.773	250.134	2308
235.418	255.329	2309
225.49	257.733	2310
156.086	226.875	2311
250.69	80.4894	2312
256.623	82.9275	2313
-51.0628	100.487	2314
189.753	194.617	2315
-34.0607	-207.459	2316
225.935	132.899	2317
-51.2047	-153.275	2318
-66.0368	69.5121	2319
71.9825	-237.808	2320
-14.2553	72.362	2321
62.7691	105.064	2322
53.0194	106.402	2323
48.929	103.862	2324
161.947	28.2348	2325
171.673	27.661	2326
165.55	53.4365	2327
268.231	238.225	2328
314.37	231.411	2329
307.69	233.872	2330
-229.91	-54.846	2331
156.02	93.434	2332
84.3001	-35.6157	2333
85.1408	-22.8443	2334
120.801	272.026	2335
13.8208	-121.384	2336
109.976	95.6467	2337
237.836	62.4677	2338
22.4879	-169.913	2339
-208.868	-99.6256	2340
-199.626	-35.9517	2341
-207.559	-33.645	2342
-187.99	-29.1073	2343
-215.394	-39.0118	2344
-210.03	-41.539	2345
52.1762	151.938	2346
16.6569	-79.6645	2347
205.731	93.223	2348
195.204	95.595	2349
48.0403	-205.224	2350
52.6495	-208.23	2351
61.6903	-205.674	2352
59.7302	-202.911	2353
118.289	244.374	2354
-140.282	9.348	2355
153.006	229.211	2356
226.219	164.929	2357
9.07351	-128.327	2358
59.1705	-82.7418	2359
-18.1105	-90.2355	2360
218.044	179.607	2361
25.1703	-241.274	2362
58.405	-178.433	2363
60.5305	-174.744	2364
-58.8734	-158.598	2365
242.329	85.2911	2366
146.845	100.685	2367
70.2448	50.5925	2368
-40.8734	45.153	2369
21.2178	-197.072	2370
30.8072	-197.247	2371
68.2948	-235.181	2372
197.778	179.198	2373
176.94	174.635	2374
-23.9065	-224.95	2375
160.916	140.005	2376
-43.771	-8.03682	2377
39.2099	70.6298	2378
-143.379	-75.1339	2379
136.139	173.239	2380
215.303	242.993	2381
275.168	200.494	2382
278.064	198.001	2383
285.402	201.623	2384
275.487	202.934	2385
285.58	195.584	2386
287.715	198.952	2387
13.229	-236.755	2388
11.5041	-239.019	2389
6.66003	-81.9806	2390
-24.8024	-258.795	2391
19.0512	-274.199	2392
30.8872	-272.954	2393
28.6383	-269.083	2394
-49.3144	97.9118	2395
-54.7559	96.318	2396
141.29	23.8694	2397
-198.913	-59.7173	2398
307.46	194.501	2399
299.357	202.631	2400
298.474	205.405	2401
292.622	207.798	2402
296.35	210.259	2403
301.146	210.54	2404
263.648	153.013	2405
-194.88	-13.9984	2406
-12.3084	75.441	2407
-16.4238	69.9041	2408
-21.7689	72.683	2409
-19.796	74.9894	2410
-35.0205	69.89	2411
-32.2141	72.5095	2412
-31.4964	60.9492	2413
-32.4437	55.1004	2414
-25.91	57.4409	2415
-30.8332	58.5357	2416
68.8867	-85.1086	2417
293.65	139.47	2418
75.1813	-82.6622	2419
14.9978	-244.481	2420
165.859	131.462	2421
143.216	89.655	2422
156.759	86.0195	2423
149.753	84.9436	2424
160.322	88.4844	2425
138.172	87.0417	2426
153.019	77.6973	2427
19.9334	-123.496	2428
-61.4477	-168.74	2429
90.7809	-20.6107	2430
-228.44	-71.6011	2431
-58.1696	-109.539	2432
129.361	170.884	2433
144.022	168.458	2434
133.26	166.054	2435
126.334	64.5586	2436
22.795	-95.276	2437
30.8537	-92.8392	2438
25.5353	-89.7067	2439
28.8292	-87.3596	2440
56.0393	-237.694	2441
251.381	167.263	2442
276.283	188.093	2443
175.389	138.787	2444
67.3893	-98.3552	2445
-18.0811	49.8884	2446
287.365	229.487	2447
219.237	164.157	2448
32.8401	-97.6239	2449
119.198	249.301	2450
113.674	262.291	2451
144.654	122.451	2452
129.223	113.054	2453
-71.7128	-70.7085	2454
-69.9527	-67.6369	2455
68.7895	-90.8633	2456
79.5553	-87.4313	2457
49.4587	-92.9327	2458
64.1244	-88.2901	2459
81.7249	-92.9279	2460
81.7282	-90.3145	2461
261.802	245.699	2462
4.63632	-256.987	2463
256.889	73.9615	2464
302.893	217.747	2465
51.5588	-240.727	2466
-217.603	-104.387	2467
-219.27	-109.974	2468
9.90155	-250.467	2469
287.964	91.6594	2470
278.405	97.3523	2471
16.7052	-249.621	2472
129.406	190.867	2473
107.765	251.633	2474
59.7779	21.924	2475
64.8657	21.7827	2476
1.36815	-252.08	2477
8.74771	-262.999	2478
-155.416	-69.2093	2479
-35.6351	1.12236	2480
-31.5944	5.99807	2481
-38.677	-169.131	2482
207.941	179.429	2483
21.5862	-128.044	2484
-98.4046	-72.1247	2485
-85.2194	-77.7521	2486
-81.7417	96.4166	2487
16.8063	-252.994	2488
325.364	235.416	2489
316.302	235.636	2490
303.482	167.129	2491
298.043	169.46	2492
-21.0452	-105.249	2493
-76.3171	-85.8848	2494
-63.6278	-171.115	2495
15.4934	39.7041	2496
234.937	115.83	2497
-156.088	-75.424	2498
221.518	117.26	2499
151.835	3.12487	2500
120.669	188.507	2501
-98.3124	-90.4093	2502
-35.554	-209.931	2503
128.167	67.1095	2504
190.042	178.532	2505
-18.8233	54.6841	2506
241.77	269.561	2507
246.502	272.956	2508
-197.863	-70.939	2509
250.798	136.715	2510
-32.2361	-199.97	2511
37.4517	-251.177	2512
171.824	141.631	2513
288.785	95.5382	2514
-131.695	8.74107	2515
-24.1204	-202.374	2516
102.36	-24.4322	2517
101.831	-15.2292	2518
-29.8624	-204.744	2519
-28.241	-197.212	2520
-6.593	-98.9097	2521
11.3793	-104.195	2522
26.3378	-99.9373	2523
176.261	136.134	2524
17.8248	-75.3993	2525
-19.7743	-85.1884	2526
163.159	136.128	2527
140.765	8.06394	2528
59.0575	-189.216	2529
-155.801	-72.674	2530
188.421	192.284	2531
197.473	181.77	2532
30.2718	-121.692	2533
273.249	227.853	2534
-188.537	-33.5751	2535
-186.002	-35.9491	2536
60.291	-241.298	2537
311.518	159.82	2538
234.175	87.4854	2539
-26.3933	-115.144	2540
-178.637	-97.504	2541
-42.6786	-237.249	2542
123.23	224.321	2543
299.955	225.275	2544
22.1353	-119.102	2545
-187.277	-19.3429	2546
-189.606	-21.6513	2547
295.111	193.949	2548
49.5224	73.9119	2549
-187.286	-100.841	2550
-59.3366	-106.448	2551
-24.7629	-117.621	2552
-92.1581	-82.7304	2553
-197.368	-68.5586	2554
188.891	175.83	2555
238.295	139.177	2556
34.8345	92.4474	2557
-15.272	-223.401	2558
-50.4429	-27.9983	2559
83.4882	117.075	2560
80.021	119.511	2561
241.413	106.127	2562
232.147	105.547	2563
-54.6225	-44.4967	2564
-6.64546	-90.2991	2565
-204.491	-14.1613	2566
73.4867	4.64544	2567
94.0263	-106.623	2568
-28.8429	37.092	2569
-19.0025	38.1857	2570
-7.62095	-231.63	2571
-2.73079	-216.752	2572
98.3695	94.824	2573
314.201	189.438	2574
136.637	193.209	2575
-7.71795	-214.297	2576
-77.3952	34.5156	2577
-96.3369	96.5446	2578
196.745	192.929	2579
217.92	38.6879	2580
-5.07303	-259.108	2581
310.283	214.934	2582
-3.4592	-261.721	2583
191.183	172.945	2584
98.3463	8.93661	2585
29.504	83.5795	2586
189.069	136.634	2587
178.991	129.502	2588
