136.233	-14.9776	1
127.985	4.1278	2
84.2704	-76.429	3
69.3598	-75.9619	4
105.479	50.0113	5
95.6328	43.3126	6
-5.39045	-94.9146	7
3.62721	-111.783	8
-0.872601	-104.602	9
-24.1408	-79.792	10
11.3252	-105.069	11
13.2092	-97.9585	12
-102.532	36.333	13
-94.6585	18.1509	14
-116.386	49.9559	15
-35.5516	-77.4673	16
-37.0011	-57.3855	17
-97.2799	-107.135	18
-72.8263	-110.132	19
-93.2838	-127.584	20
-92.6799	-110.896	21
-107.33	-132.046	22
155.293	62.342	23
162.092	55.2532	24
145.544	71.5988	25
-93.8053	39.6607	26
-86.4408	20.4813	27
-98.7605	58.1653	28
29.5319	-12.931	29
19.9501	-28.3974	30
-123.545	-78.5984	31
-119.112	-59.1828	32
-85.9933	-0.0504174	33
100.063	-56.0398	34
119.388	-60.9676	35
99.0796	-35.9558	36
-127.33	17.1792	37
-135.952	34.6059	38
-115.237	19.8296	39
-141.338	31.5307	40
-140.539	9.45159	41
-127.845	-3.23536	42
10.7307	153.432	43
29.3726	147.681	44
81.7154	-46.2567	45
67.1263	-31.4528	46
68.9662	52.1622	47
49.7546	52.9239	48
77.8874	67.0019	49
-54.3577	-65.6687	50
-66.1688	-47.5049	51
117.037	-7.35346	52
125.548	-24.7694	53
104.053	2.40173	54
-143.233	-99.5637	55
-148.607	-90.5072	56
-146.472	-108.038	57
-169.086	8.85016	58
-173.84	-2.46915	59
-156.387	-4.33885	60
33.4467	-1.77682	61
21.1838	10.9578	62
-97.4269	-57.8723	63
-79.3479	-51.6116	64
-92.4606	-76.9425	65
148.396	-13.0772	66
152.326	-8.35625	67
140.306	-7.19066	68
-28.7479	82.7451	69
-18.2598	64.7209	70
-41.3956	97.4798	71
159.669	-0.70292	72
51.6904	-17.9134	73
38.2323	-4.53505	74
67.5605	-13.1582	75
-151.173	14.7696	76
14.8557	121.76	77
30.5636	109.811	78
-0.514773	134.128	79
39.0129	-33.6985	80
53.6077	-48.116	81
61.9597	5.20877	82
78.8073	9.63968	83
56.4717	23.9902	84
120.883	56.4348	85
114.272	38.2639	86
165.215	69.3568	87
-12.2524	142.634	88
84.9346	32.3018	89
88.996	47.4677	90
82.3053	29.1332	91
80.6986	19.2049	92
65.0023	40.058	93
-52.313	96.8699	94
81.0788	-22.9081	95
-64.4713	-63.2421	96
-90.3928	-147.989	97
-92.3877	-137.422	98
-142.789	-80.5284	99
3.92342	86.7915	100
14.6793	73.9571	101
6.94071	49.0134	102
1.73086	30.2838	103
-93.2516	54.8057	104
-94.9101	44.1366	105
-80.1288	39.626	106
27.985	79.8827	107
11.8863	91.5091	108
46.8178	72.0542	109
-148.9	-53.0508	110
-141.155	-39.5025	111
-146.048	-69.0538	112
112.889	88.181	113
115.007	78.8761	114
-112.62	-0.060313	115
-122.791	38.7151	116
74.952	81.608	117
54.243	-102.019	118
62.1282	-104.98	119
40.1535	-107.423	120
-62.2861	17.9162	121
-73.0653	21.4962	122
-52.1473	0.91516	123
52.4379	136.92	124
32.7176	134.626	125
47.6086	148.462	126
23.6676	134.392	127
41.0565	123.835	128
90.1123	102.442	129
70.6457	101.762	130
28.0254	29.4215	131
-154.912	31.8876	132
-165.996	36.0195	133
-52.5121	84.0393	134
-36.532	71.1391	135
0.819002	50.9315	136
48.3795	42.41	137
-41.9593	-38.2227	138
-47.1915	-18.0052	139
-152.555	-36.9046	140
-165.731	-23.0136	141
-170.032	-37.7556	142
-160.29	-55.4808	143
-161.332	-19.7612	144
-149.344	-56.2956	145
60.9793	149.409	146
38.1459	151.12	147
-113.186	27.6562	148
-97.5607	15.8454	149
-82.6702	-25.6384	150
-84.0983	-12.3372	151
84.597	-40.1965	152
86.6043	-29.8042	153
24.0108	-8.56171	154
93.2805	8.52316	155
-107.899	-102.623	156
-84.8338	-106.857	157
-109.754	-87.068	158
133.952	-12.6449	159
146.762	7.86158	160
132.699	23.1142	161
-115.199	-39.6218	162
-112.151	-19.8158	163
-76.301	-88.042	164
-64.7752	-104.423	165
-153.178	7.10605	166
-143.474	-9.67416	167
-154.823	-10.1783	168
9.7618	21.5262	169
-47.2293	34.8015	170
-61.0629	41.1043	171
-37.8579	16.6256	172
-7.68906	47.5116	173
-87.3325	-70.29	174
-94.3225	-65.0875	175
-77.6279	-72.8194	176
-72.1281	-69.8162	177
-66.9859	-67.4217	178
152.516	32.7219	179
150.761	16.289	180
141.524	48.4293	181
28.8064	178.203	182
36.1069	170.373	183
-72.0525	1.74061	184
11.0363	-72.3674	185
0.633868	-54.4001	186
28.149	-81.7104	187
-70.3802	58.3196	188
-57.2716	20.6392	189
107.923	-53.3822	190
116.071	-46.9384	191
106.654	-20.6123	192
114.622	-29.0936	193
106.069	-16.6065	194
91.9432	-18.1787	195
-183.213	-60.3807	196
-185.001	-50.3733	197
-174.758	-77.7429	198
-28.7916	-0.995589	199
-19.5543	-19.7171	200
170.202	36.7692	201
166.723	22.0226	202
63.483	-64.9574	203
-11.7907	45.0674	204
61.8678	85.0272	205
41.3195	83.8687	206
80.8746	90.1697	207
47.025	99.022	208
102.706	121.76	209
89.8437	107.08	210
94.5187	136.851	211
-59.1191	-17.1841	212
-49.9483	-15.4579	213
-48.7678	-2.70984	214
150.336	52.7247	215
-9.00003	-1.45601	216
4.80469	-14.751	217
-21.5271	-39.2479	218
-20.1407	-60.1272	219
51.9727	-84.4073	220
36.0738	-73.4859	221
37.7354	-96.8992	222
-191.072	-89.1042	223
-189.861	-79.433	224
80.3853	140.151	225
80.1202	127.973	226
-8.86643	-37.3522	227
0.206228	-24.0397	228
-17.6686	-28.8156	229
-21.6725	-12.854	230
36.5231	-41.2257	231
-180.642	-37.0364	232
-167.873	-45.4211	233
-184.5	-24.0289	234
75.6293	-99.94	235
-70.6325	-129.889	236
108.447	58.3109	237
-76.6315	-30.0676	238
32.5763	63.3865	239
27.54	-101.675	240
120.293	11	241
123.623	30.016	242
162.03	13.0721	243
127.878	-38.8715	244
-0.512011	44.5741	245
13.6357	139.913	246
110.7	98.5101	247
-17.3982	34.4977	248
-16.391	39.5147	249
36.7897	-38.2458	250
-61.1544	-127.534	251
115.699	18.7185	252
13.5571	12.5705	253
-68.7476	-18.1449	254
18.3932	1.76444	255
84.4194	115.243	256
68.7982	139.017	257
-63.8572	102.368	258
97.1892	73.1081	259
86.9749	80.7756	260
128.134	49.1629	261
-185.07	-34.6201	262
-181.083	-64.5161	263
-5.1701	-73.1544	264
-113.261	7.86709	265
54.392	113.796	266
-20.6743	-41.7551	267
51.3508	107.803	268
45.9219	-96.4419	269
120.964	-33.0119	270
-70.8419	95.4469	271
-66.5948	83.7074	272
-129.972	-23.4162	273
18.1295	-63.82	274
-13.3219	-79.8318	275
31.5427	-43.7327	276
-9.54019	114.94	277
5.99362	103.02	278
-161.964	-64.162	279
27.7723	-46.0611	280
19.6876	-48.0689	281
-31.6539	52.4795	282
-11.7293	-67.8252	283
4.74206	-60.8378	284
16.8071	-36.973	285
23.5259	92.2186	286
-49.6531	60.034	287
58.5626	73.6122	288
-6.41099	84.5143	289
28.6955	97.3856	290
50.8038	166.818	291
-76.6556	-120.187	292
-55.4899	-120.448	293
22.0711	-78.2576	294
-176.805	17.5145	295
-185.023	5.76504	296
22.8769	95.0253	297
-78.2134	-17.1807	298
118.333	-16.1065	299
