0.0422628	0.0422628	1
0.0464894	0.0422631	2
4.82691	5.53846	3
4.84293	5.55024	4
4.69225	5.40492	5
4.67829	5.39519	6
4.65177	5.3729	7
4.65556	5.38246	8
4.07698	4.78026	9
4.04323	4.75074	10
4.01654	4.72828	11
4.02511	4.74262	12
4.01396	4.73147	13
3.99102	4.71276	14
3.99904	4.705	15
3.95041	4.6506	16
3.9336	4.62802	17
3.90312	4.59176	18
3.90669	4.58955	19
3.88022	4.55731	20
3.88901	4.56033	21
3.84685	4.5124	22
2.74196	3.26211	23
2.75544	3.28136	24
2.79013	3.31605	25
2.80563	3.32732	26
3.81986	4.48809	27
3.8529	4.5169	28
4.24285	4.96118	29
4.24856	4.96267	30
4.26314	4.97303	31
4.44629	5.15813	32
4.44753	5.16515	33
4.47203	5.18542	34
0.10808	0.106533	35
0.0457088	0.051482	36
4.78639	5.50216	37
4.73329	5.44751	38
4.72661	5.44351	39
4.68436	5.40549	40
4.61506	5.33464	41
4.61875	5.3441	42
4.07977	4.78727	43
4.07142	4.78315	44
3.97821	4.68994	45
3.99038	4.70634	46
4.77053	5.49052	47
4.72886	5.44731	48
4.6971	5.41977	49
4.57208	5.29011	50
4.57774	5.30155	51
4.12676	4.83582	52
4.09673	4.81001	53
3.97263	4.67859	54
3.97382	4.68401	55
4.47967	5.19883	56
4.48391	5.20307	57
4.58219	5.29868	58
4.55038	5.27264	59
4.15222	4.86282	60
4.12707	4.8419	61
3.93727	4.63746	62
3.94543	4.64984	63
4.46799	5.19138	64
4.4957	5.22063	65
4.53831	5.25903	66
4.18245	4.8946	67
4.15334	4.86971	68
3.87831	4.57272	69
3.90891	4.60755	70
4.47772	5.20688	71
4.51167	5.23661	72
4.18472	4.89841	73
4.1741	4.89202	74
3.87988	4.56852	75
3.87091	4.56378	76
4.2552	4.97086	77
4.23258	4.94782	78
4.19744	4.91691	79
3.89582	4.57869	80
3.87101	4.55811	81
4.2073	4.92409	82
4.20089	4.92191	83
3.87654	4.55363	84
3.86611	4.54743	85
4.22507	4.94763	86
3.85915	4.53047	87
3.85873	4.53427	88
3.85396	4.52373	89
3.83326	4.50303	90
3.81929	4.49329	91
2.83244	3.36107	92
2.84996	3.38179	93
3.48641	4.12339	94
3.49118	4.13394	95
3.52136	4.1599	96
3.54701	4.19709	97
3.53105	4.18691	98
3.59062	4.25225	99
3.61207	4.27947	100
0.265404	0.315816	101
0.254205	0.31039	102
0.29718	0.353365	103
0.279082	0.339493	104
0.253847	0.298486	105
0.212631	0.251497	106
0.227911	0.261003	107
0.183454	0.210773	108
0.165423	0.186969	109
0.141106	0.156878	110
0.16145	0.17145	111
0.154113	0.158339	112
0.0956937	0.0899205	113
0.0720836	0.0705367	114
0.0945998	0.0972792	115
0.0987012	0.102927	116
4.42497	5.13527	117
4.42484	5.14091	118
4.29018	5.00583	119
4.26263	4.98251	120
3.75872	4.42385	121
3.7277	4.39861	122
3.76484	4.43574	123
3.78724	4.45969	124
0.121177	0.12963	125
0.162793	0.172793	126
4.39327	5.10779	127
4.32003	5.03724	128
4.28998	5.01141	129
3.7055	4.36909	130
3.71502	4.38438	131
3.7281	4.40324	132
3.75135	4.42803	133
0.135272	0.149498	134
0.172504	0.188277	135
4.36847	5.08722	136
4.33162	5.0546	137
3.68036	4.3424	138
3.68039	4.3482	139
3.52198	4.16629	140
3.51898	4.16328	141
0.13462	0.154619	142
0.15912	0.180666	143
4.35542	5.07994	144
3.64108	4.30157	145
3.67488	4.34114	146
3.53683	4.1869	147
3.49439	4.14292	148
0.160872	0.186644	149
0.179189	0.206508	150
3.61426	4.27321	151
3.63163	4.29635	152
3.55065	4.2065	153
3.50736	4.16167	154
0.161583	0.193129	155
0.192721	0.225814	156
3.59417	4.25735	157
3.53624	4.19787	158
3.5162	4.17628	159
0.184362	0.221681	160
0.222236	0.261102	161
3.5609	4.22829	162
3.54845	4.2143	163
0.204518	0.24761	164
0.234268	0.278907	165
3.57848	4.2501	166
0.219986	0.268851	167
0.260572	0.310984	168
0.250086	0.304724	169
4.03444	4.75772	170
4.02681	4.75009	171
5.16765	5.95703	172
4.96862	5.76604	173
4.96951	5.77271	174
4.75938	5.54443	175
4.73983	5.52333	176
4.37522	5.11128	177
4.35917	5.10101	178
2.6175	3.08569	179
2.57872	3.03997	180
2.55885	3.02433	181
2.57677	3.04496	182
2.59988	3.06384	183
2.61793	3.09189	184
2.65716	3.13689	185
2.68772	3.17323	186
2.71435	3.20563	187
2.71382	3.21087	188
2.73243	3.23526	189
2.7394	3.248	190
2.75395	3.26833	191
2.74712	3.27726	192
4.00868	4.73619	193
4.02964	4.75869	194
5.13283	5.92644	195
5.0039	5.80287	196
4.97489	5.77964	197
5.00405	5.80456	198
4.34671	5.08123	199
4.33146	5.07176	200
2.6108	3.08476	201
2.59688	3.0693	202
4.03798	4.77126	203
4.05088	4.77994	204
5.10318	5.90101	205
5.01612	5.82241	206
5.01207	5.82259	207
4.31171	5.04468	208
4.31291	5.05166	209
2.61092	3.09065	210
2.59807	3.07626	211
4.04734	4.78216	212
4.06731	4.79791	213
5.0601	5.86216	214
5.03449	5.84078	215
4.26508	4.99651	216
4.27544	5.01264	217
2.64819	3.1337	218
2.62435	3.10831	219
4.08916	4.82554	220
4.13417	4.86631	221
5.07174	5.87957	222
4.22226	4.95214	223
4.23648	4.97213	224
2.69507	3.18636	225
2.65303	3.14277	226
4.10205	4.83997	227
4.10925	4.84295	228
4.20398	4.93232	229
4.20421	4.93831	230
2.68609	3.18315	231
2.67039	3.1659	232
4.1094	4.84887	233
4.13587	4.87111	234
4.18418	4.91674	235
2.7178	3.22063	236
2.68774	3.18902	237
4.11828	4.85929	238
4.14438	4.88117	239
2.74641	3.25501	240
2.70261	3.20966	241
4.12484	4.8674	242
2.72349	3.23787	243
2.70685	3.21968	244
2.76479	3.28494	245
2.72763	3.24623	246
2.72615	3.25052	247
5.26401	6.04226	248
5.24824	6.03071	249
5.22914	6.0174	250
4.89468	5.68323	251
4.88765	5.68043	252
4.8688	5.66581	253
4.88693	5.68971	254
4.58265	5.35687	255
4.54176	5.32021	256
4.50159	5.28426	257
4.5323	5.32074	258
4.53088	5.31932	259
4.49302	5.28569	260
4.48908	5.26598	261
4.51343	5.28455	262
4.47551	5.24086	263
4.48809	5.24767	264
4.4781	5.2319	265
4.4388	5.18683	266
4.44729	5.18955	267
4.41091	5.15162	268
2.53444	2.99414	269
2.52816	2.99364	270
5.21879	5.99972	271
5.20276	5.98946	272
4.93675	5.72953	273
4.89359	5.6906	274
4.88713	5.68259	275
4.85646	5.6577	276
4.56543	5.34387	277
4.55493	5.3376	278
4.50382	5.28649	279
4.48947	5.27636	280
5.19382	5.97898	281
4.92537	5.71969	282
4.90508	5.70363	283
4.85285	5.64677	284
4.85339	5.65307	285
4.63046	5.41045	286
4.59921	5.38342	287
4.49847	5.27536	288
4.47361	5.25473	289
4.94325	5.73913	290
4.93196	5.73206	291
4.8366	5.62897	292
4.82012	5.61826	293
4.66471	5.44625	294
4.6211	5.40687	295
4.4894	5.26053	296
4.47559	5.25094	297
4.93518	5.73683	298
4.77549	5.56631	299
4.79616	5.59275	300
4.6911	5.47418	301
4.65241	5.43972	302
4.46705	5.2324	303
4.46786	5.23744	304
4.7567	5.54752	305
4.77032	5.56536	306
4.70584	5.49047	307
4.67741	5.46627	308
4.48422	5.2438	309
4.45379	5.2176	310
4.75051	5.53978	311
4.73043	5.5166	312
4.68625	5.47665	313
4.46144	5.21524	314
4.44561	5.20364	315
4.73387	5.52159	316
4.72308	5.51503	317
4.43746	5.18549	318
4.42543	5.17768	319
4.3787	5.11632	320
4.40754	5.14671	321
4.4231	5.16959	322
4.38408	5.12747	323
4.40317	5.14811	324
4.39213	5.1413	325
4.53512	5.32933	326
4.52798	5.32219	327
5.05196	5.84248	328
5.00687	5.80161	329
5.02943	5.82994	330
4.90324	5.69757	331
4.88023	5.67878	332
4.8347	5.63748	333
4.79408	5.60108	334
4.79338	5.60615	335
1.8322	2.1756	336
1.80731	2.15494	337
1.83552	2.18738	338
1.86857	2.21621	339
2.37477	2.79252	340
2.37296	2.79647	341
2.39504	2.81433	342
2.43302	2.86386	343
2.44319	2.8798	344
2.46673	2.90911	345
2.48223	2.93039	346
2.48282	2.93675	347
2.52633	2.99603	348
4.49814	5.29658	349
4.50295	5.30294	350
4.99218	5.78537	351
4.98559	5.78456	352
4.90804	5.70659	353
4.88167	5.68445	354
4.76013	5.56558	355
4.77702	5.58825	356
4.77142	5.58265	357
1.84607	2.19948	358
4.51071	5.31493	359
4.5273	5.32729	360
4.96528	5.7627	361
4.92118	5.72128	362
4.88512	5.68945	363
4.7559	5.55981	364
4.74484	5.55452	365
4.75871	5.57417	366
4.77066	5.58766	367
4.53437	5.34013	368
4.57349	5.37503	369
4.95124	5.75289	370
4.91224	5.71811	371
4.69812	5.50049	372
4.72182	5.52996	373
2.38374	2.80881	374
2.38699	2.81206	375
4.57174	5.37905	376
4.60667	5.40975	377
4.92828	5.7357	378
4.69292	5.49374	379
4.69013	5.49673	380
2.38926	2.8201	381
2.37904	2.80833	382
4.58778	5.39663	383
4.6259	5.43053	384
4.66417	5.46344	385
4.67938	5.48442	386
2.45524	2.89185	387
2.41848	2.85354	388
4.61659	5.42699	389
4.62273	5.42891	390
4.63799	5.44149	391
2.44965	2.89203	392
2.42213	2.86297	393
4.62045	5.4324	394
4.63116	5.43888	395
2.43628	2.88443	396
2.4275	2.87411	397
4.65498	5.46848	398
2.47912	2.93305	399
2.46714	2.91952	400
2.49826	2.95796	401
2.46932	2.92747	402
2.49662	2.96055	403
1.7987	2.14056	404
1.79398	2.14162	405
1.93909	2.29405	406
1.97484	2.33557	407
1.9631	2.32961	408
2.00349	2.37576	409
2.03231	2.41036	410
2.06348	2.44731	411
2.08095	2.47055	412
2.14224	2.53761	413
2.15588	2.55703	414
2.1731	2.57579	415
2.15369	2.5606	416
2.12938	2.54052	417
2.16895	2.57587	418
2.20314	2.60583	419
2.66758	3.1677	420
2.60581	3.10015	421
2.60897	3.09754	422
2.59454	3.07733	423
2.57176	3.04879	424
2.55611	3.02736	425
2.55521	3.02646	426
2.5266	3.00208	427
2.53831	3.01533	428
2.75097	3.23727	429
2.72853	3.21906	430
2.70241	3.19716	431
2.71202	3.21255	432
2.35708	2.77327	433
2.33771	2.75968	434
1.91297	2.26638	435
1.87215	2.22978	436
2.53796	3.01921	437
2.54504	3.02783	438
2.74158	3.23366	439
2.67054	3.16375	440
2.68505	3.18403	441
2.33081	2.74546	442
2.3236	2.74402	443
1.91987	2.2806	444
1.91188	2.27106	445
2.56808	3.0551	446
2.5936	3.08217	447
2.68059	3.17225	448
2.6606	3.15803	449
2.31241	2.72552	450
2.31011	2.72898	451
1.94002	2.30652	452
1.9288	2.29375	453
2.59081	3.08361	454
2.62264	3.11698	455
2.64513	3.14102	456
2.25705	2.66861	457
2.26795	2.68528	458
1.9694	2.34167	459
1.94553	2.31626	460
2.59475	3.09331	461
2.61737	3.11748	462
2.25153	2.66154	463
2.2494	2.66518	464
2.00255	2.3806	465
1.98068	2.35718	466
2.62899	3.13333	467
2.24606	2.65452	468
2.23826	2.6525	469
2.02371	2.40753	470
2.01265	2.39493	471
2.2122	2.61911	472
2.20954	2.62223	473
2.08153	2.47112	474
2.05277	2.44081	475
2.20397	2.61512	476
2.07885	2.47422	477
2.0767	2.47052	478
2.12288	2.52402	479
2.10727	2.50687	480
2.12281	2.52818	481
1.77293	2.12479	482
1.77253	2.10861	483
1.74368	2.07399	484
1.6974	2.02195	485
1.66137	1.98014	486
1.66433	1.97733	487
1.67184	1.97906	488
1.62101	1.92246	489
1.5859	1.88157	490
1.51944	1.80935	491
1.48066	1.77479	492
1.45106	1.74942	493
1.42245	1.71503	494
1.44615	1.7445	495
2.63783	3.07807	496
2.66634	3.11236	497
2.70579	3.14759	498
3.02802	3.47838	499
3.04819	3.49433	500
3.22899	3.68595	501
3.26003	3.71277	502
3.40674	3.85566	503
2.18113	2.57959	504
3.39857	3.84594	505
3.37063	3.82224	506
3.33281	3.78864	507
3.30304	3.76464	508
2.87661	3.31924	509
2.85536	3.30221	510
2.82164	3.27271	511
2.83327	3.29012	512
1.73987	2.08173	513
1.77229	2.11837	514
3.38495	3.8381	515
3.2772	3.73148	516
3.30044	3.7605	517
2.93223	3.3764	518
2.89337	3.34177	519
2.80306	3.25259	520
2.78909	3.24439	521
1.74516	2.08125	522
1.73695	2.07727	523
3.23316	3.69167	524
3.26638	3.72489	525
2.94906	3.39477	526
2.92901	3.37896	527
2.77359	3.22157	528
2.78068	3.23444	529
1.70754	2.03785	530
1.70921	2.04375	531
3.24623	3.70897	532
2.95604	3.4033	533
2.93153	3.38302	534
2.75805	3.20449	535
2.75321	3.20542	536
1.66614	1.99068	537
1.67458	2.00335	538
2.9922	3.44102	539
2.96065	3.41369	540
2.7315	3.17639	541
2.73553	3.1862	542
1.66124	1.98001	543
1.63965	1.96264	544
2.99002	3.44461	545
2.70078	3.14413	546
2.70867	3.15778	547
1.66537	1.97836	548
1.63739	1.95461	549
2.67683	3.1244	550
2.68223	3.12979	551
1.61946	1.92668	552
1.62728	1.93873	553
2.6697	3.1215	554
1.57561	1.87706	555
1.58767	1.89335	556
1.53637	1.8305	557
1.55493	1.85483	558
1.51261	1.81096	559
1.42545	1.72804	560
1.38467	1.67148	561
1.38434	1.66537	562
1.35239	1.62765	563
1.31286	1.58235	564
1.29569	1.55941	565
1.2926	1.55054	566
1.27783	1.53	567
1.25711	1.50351	568
1.29191	1.54408	569
0.801159	0.964355	570
0.790436	0.957859	571
0.814596	0.986245	572
0.852734	1.02016	573
1.21606	1.45359	574
1.1927	1.43601	575
1.22445	1.46353	576
2.46312	2.89676	577
2.50366	2.93308	578
3.17747	3.62557	579
3.19329	3.64293	580
2.24382	2.65241	581
2.18122	2.58662	582
3.42451	3.86921	583
3.18864	3.64406	584
3.18314	3.64432	585
3.2195	3.68069	586
3.04525	3.49715	587
3.04237	3.4985	588
2.64949	3.08819	589
2.62352	3.068	590
1.40218	1.69477	591
1.40765	1.70446	592
3.1684	3.62381	593
3.16986	3.6295	594
3.18005	3.64546	595
3.09426	3.54194	596
3.06072	3.51263	597
2.60753	3.04468	598
2.60416	3.04709	599
1.38741	1.67422	600
1.37135	1.66239	601
3.15014	3.60401	602
3.15712	3.60366	603
3.08551	3.53473	604
3.06896	3.52241	605
2.60727	3.04288	606
2.59865	3.04003	607
1.34581	1.62684	608
1.34592	1.63119	609
3.14779	3.60011	610
3.13959	3.59036	611
3.09926	3.55425	612
2.58436	3.01842	613
2.59036	3.03019	614
1.30576	1.58102	615
1.32892	1.60841	616
2.4988	2.93399	617
2.48646	2.92166	618
2.52699	2.96373	619
2.54882	2.98711	620
1.28972	1.55921	621
1.29794	1.57165	622
2.47913	2.91855	623
2.50232	2.94328	624
2.52348	2.96599	625
1.32237	1.58609	626
1.28461	1.55255	627
1.22109	1.46594	628
1.23923	1.48408	629
1.30975	1.5677	630
1.28283	1.545	631
1.22453	1.47361	632
1.24678	1.4974	633
1.2676	1.52399	634
1.23887	1.49372	635
1.25169	1.50231	636
0.818106	0.991302	637
0.795582	0.957232	638
0.790536	0.957959	639
0.91341	1.08815	640
0.943725	1.12424	641
0.930948	1.11724	642
0.929201	1.12126	643
0.940878	1.13871	644
0.990893	1.1945	645
0.970207	1.17959	646
0.988585	1.20374	647
1.01281	1.23374	648
4.07965	4.69448	649
1.01543	1.24213	650
0.99632	1.22725	651
1.02536	1.25206	652
1.06532	1.2878	653
2.34456	2.78202	654
2.32557	2.75726	655
2.30944	2.73535	656
2.32794	2.74808	657
2.28756	2.70192	658
2.1956	2.59997	659
2.1873	2.59589	660
2.21581	2.62863	661
2.25229	2.66665	662
3.21926	3.66468	663
3.25388	3.69507	664
2.43608	2.86817	665
2.44358	2.88145	666
1.1823	1.41828	667
1.18523	1.42699	668
0.860363	1.03356	669
0.83507	1.01249	670
2.25082	2.66941	671
2.27977	2.69991	672
3.25696	3.70392	673
2.41984	2.85039	674
2.40306	2.83938	675
1.20703	1.44147	676
1.16963	1.40984	677
0.903111	1.08363	678
0.877559	1.05653	679
2.28659	2.71096	680
2.30926	2.73518	681
2.37002	2.79903	682
2.37437	2.80915	683
1.16534	1.39823	684
1.16219	1.40085	685
0.950791	1.13708	686
0.913091	1.09783	687
2.28926	2.71939	688
2.30754	2.73923	689
2.35574	2.78897	690
1.1558	1.38714	691
1.14047	1.37758	692
0.950049	1.14211	693
0.91773	1.10825	694
2.3162	2.75211	695
2.32156	2.75902	696
1.14109	1.37089	697
1.1277	1.36327	698
0.934847	1.13268	699
0.921129	1.11742	700
2.32015	2.76183	701
1.08641	1.31466	702
1.11959	1.35361	703
0.922392	1.126	704
0.919143	1.1212	705
1.09491	1.32161	706
1.07592	1.30839	707
0.959281	1.16866	708
0.947029	1.15486	709
1.0503	1.28123	710
0.99216	1.20732	711
0.952561	1.16617	712
1.00891	1.22984	713
0.978005	1.19739	714
0.992198	1.21735	715
0.778673	0.950322	716
0.792996	0.948872	717
0.767111	0.917214	718
0.735496	0.879826	719
0.757047	0.895604	720
0.712869	0.845653	721
0.652352	0.779362	722
0.681047	0.802284	723
0.658194	0.773658	724
0.569773	0.679464	725
0.553837	0.667754	726
0.533376	0.651519	727
0.515045	0.627416	728
0.549153	0.667296	729
3.23654	3.86579	730
3.25389	3.88892	731
3.27243	3.90322	732
3.62907	4.26843	733
3.66584	4.30097	734
3.8196	4.45092	735
3.84604	4.47314	736
4.00403	4.62732	737
4.03827	4.65733	738
3.99207	4.6138	739
3.95746	4.58342	740
3.92182	4.55201	741
3.91343	4.5494	742
3.45542	4.08705	743
3.43511	4.07096	744
3.4111	4.05118	745
3.41285	4.0587	746
0.7667	0.92835	747
0.768648	0.934524	748
3.99672	4.62424	749
3.89986	4.5285	750
3.90331	4.53772	751
3.49672	4.12989	752
3.47457	4.11197	753
3.40666	4.04519	754
3.40443	4.04874	755
0.775769	0.931646	756
0.753205	0.913308	757
3.86143	4.4943	758
3.86397	4.49684	759
3.52586	4.16058	760
3.4941	4.13305	761
3.3792	4.01618	762
3.39557	4.03833	763
0.735271	0.885375	764
0.737903	0.892232	765
3.83524	4.47233	766
3.51602	4.15228	767
3.50925	4.14974	768
3.37731	4.01275	769
3.35944	4.00065	770
0.750248	0.894578	771
0.718323	0.86688	772
3.58794	4.22576	773
3.54578	4.18782	774
3.30232	3.93621	775
3.33654	3.97621	776
0.715264	0.853821	777
0.710581	0.853364	778
3.58675	4.23034	779
3.30732	3.93966	780
3.29325	3.93137	781
0.678664	0.811448	782
0.682036	0.819046	783
3.26999	3.90656	784
3.28258	3.91915	785
0.681369	0.808379	786
0.647455	0.778692	787
3.25413	3.89493	788
0.618429	0.739666	789
0.64427	0.769733	790
0.619072	0.732989	791
0.614199	0.73389	792
0.592457	0.710601	793
2.79714	3.32897	794
2.83704	3.36463	795
2.83631	3.37391	796
2.87577	3.41915	797
2.92888	3.47803	798
2.92854	3.48345	799
2.91569	3.47638	800
2.9377	3.50416	801
2.94741	3.51965	802
2.97348	3.55149	803
2.98892	3.5727	804
2.97946	3.56901	805
2.98241	3.57619	806
3.01313	3.60269	807
3.06259	3.66369	808
3.05826	3.66514	809
3.11056	3.72321	810
3.08098	3.6994	811
3.11902	3.74322	812
3.14387	3.77384	813
0.359255	0.419666	814
0.328143	0.380102	815
3.64311	4.30205	816
3.63539	4.29857	817
3.62533	4.29427	818
3.65768	4.3224	819
3.70785	4.36721	820
3.69866	4.36379	821
3.44038	4.07581	822
3.47422	4.11543	823
2.86312	3.40072	824
2.82647	3.36252	825
3.17007	3.79582	826
3.17543	3.80272	827
3.63237	4.30286	828
3.64545	4.31171	829
3.67829	4.34188	830
3.45425	4.08814	831
3.43097	4.07064	832
2.85728	3.40065	833
2.82529	3.36712	834
3.16485	3.79637	835
3.17905	3.81211	836
3.63928	4.31132	837
3.66663	4.33444	838
3.43199	4.06433	839
3.42736	4.06547	840
2.87982	3.42897	841
2.8531	3.40069	842
3.19798	3.83526	843
3.2316	3.86466	844
3.64165	4.31524	845
3.39499	4.02579	846
3.39653	4.0331	847
2.91427	3.46918	848
2.88275	3.43612	849
3.22451	3.86334	850
3.25752	3.89213	851
3.35747	3.98672	852
3.37007	4.00509	853
2.9018	3.46249	854
2.89245	3.45159	855
3.24062	3.881	856
3.24727	3.88343	857
3.352	3.98548	858
2.89601	3.46247	859
2.89052	3.45543	860
3.28444	3.92637	861
3.31159	3.94929	862
2.9305	3.50274	863
2.8953	3.46599	864
3.28662	3.9301	865
2.92712	3.50513	866
2.92474	3.5012	867
2.95228	3.53606	868
2.94734	3.52958	869
2.96822	3.55623	870
0.507988	0.630358	871
0.543774	0.650371	872
0.512028	0.612852	873
0.493012	0.588062	874
0.425799	0.515076	875
0.41574	0.499244	876
0.406058	0.483789	877
0.404896	0.476854	878
0.409082	0.475266	879
0.375258	0.431443	880
0.329148	0.389559	881
3.01238	3.60771	882
3.03727	3.6326	883
3.79153	4.4213	884
3.78106	4.41661	885
3.6384	4.27931	886
3.65115	4.29628	887
3.22596	3.85366	888
3.21976	3.85324	889
0.52084	0.63321	890
0.506985	0.623581	891
3.01028	3.60983	892
3.02423	3.62534	893
3.7625	4.3965	894
3.69488	4.33156	895
3.6567	4.29761	896
3.23336	3.85952	897
3.20309	3.83502	898
0.510413	0.61701	899
0.49785	0.608673	900
3.04265	3.64798	901
3.07376	3.68063	902
3.72153	4.35975	903
3.68088	4.32334	904
3.21276	3.83737	905
3.19675	3.82713	906
0.455032	0.555856	907
0.48648	0.59153	908
3.05364	3.66474	909
3.06014	3.67279	910
3.69471	4.33871	911
3.18011	3.80317	912
3.19009	3.81892	913
0.43721	0.532261	914
0.45036	0.549636	915
3.07355	3.69042	916
3.08499	3.70341	917
3.17662	3.79814	918
3.15828	3.78557	919
0.415196	0.504474	920
0.414535	0.508039	921
3.07377	3.69642	922
3.08266	3.70685	923
3.15097	3.77672	924
0.417895	0.501399	925
0.401465	0.489195	926
3.10224	3.73067	927
3.1065	3.73646	928
0.413479	0.49121	929
0.383388	0.465345	930
3.12032	3.75452	931
0.402665	0.474623	932
0.373975	0.450159	933
0.388227	0.454411	934
0.373017	0.443428	935
0.344588	0.409226	936
