6.66223	97.0988	1
10.7586	97.159	2
15.4922	96.8526	3
20.3151	96.1707	4
26.6282	95.2337	5
32.1609	93.96	6
38.9464	92.0939	7
44.654	89.9112	8
51.1773	86.8305	9
56.1931	83.6043	10
61.3401	79.3722	11
64.673	75.5408	12
67.9655	70.787	13
64.7187	73.2575	14
61.4857	74.5891	15
56.5493	76.4841	16
51.7743	77.6003	17
45.3339	78.7256	18
40.0625	79.1041	19
34.1752	78.9961	20
27.4156	78.5957	21
21.6272	77.6362	22
14.8443	76.1765	23
9.27782	74.3582	24
2.36603	71.906	25
2.90287	73.6382	26
3.69295	75.7554	27
4.54849	78.0011	28
5.47004	80.2927	29
6.43613	82.5701	30
7.70621	84.9643	31
8.20095	87.2088	32
8.38489	89.4508	33
8.28008	91.6802	34
7.92637	93.8321	35
6.92967	95.5621	36
11.5341	95.6412	37
17.2143	95.3983	38
22.2861	94.7453	39
28.7943	93.7662	40
34.457	92.3852	41
41.2833	90.364	42
46.8996	87.9834	43
53.1479	84.6551	44
57.6881	81.2749	45
62.1847	76.9787	46
12.4234	93.7087	47
18.4043	93.5112	48
23.6903	92.8605	49
30.3518	91.8532	50
36.0679	90.3751	51
42.8093	88.2297	52
48.1653	85.6914	53
53.9554	82.2406	54
57.8356	78.8186	55
13.0267	91.5938	56
19.2208	91.4214	57
24.6664	90.7582	58
31.394	89.7083	59
37.0247	88.1325	60
43.5105	85.8739	61
48.4285	83.2396	62
53.6013	79.8152	63
13.3029	89.3995	64
19.6391	89.2388	65
25.131	88.5515	66
31.7661	87.4404	67
37.1642	85.8015	68
43.2797	83.4826	69
47.6224	80.8462	70
13.2094	87.1772	71
19.5881	87.0177	72
24.9825	86.3085	73
31.4263	85.1568	74
36.5319	83.5106	75
42.1252	81.2032	76
12.8385	84.9717	77
19.1272	84.7704	78
24.3722	84.0802	79
30.5703	82.9173	80
34.8975	81.4263	81
12.4984	82.8259	82
17.6464	82.4949	83
23.8279	81.9226	84
28.6837	80.7789	85
11.6094	80.5667	86
16.6568	80.3025	87
22.7266	79.7322	88
10.6553	78.3481	89
15.716	78.1642	90
9.81582	76.2359	91
-3.02438	70.8901	92
-8.80866	69.5521	93
-13.391	68.5374	94
-18.9019	66.9029	95
-22.9718	65.6357	96
-27.9638	63.6397	97
-31.8276	62.0949	98
-36.2132	59.8886	99
-39.5946	58.2381	100
-43.1111	56.1013	101
-46.6985	53.3756	102
-49.2703	51.1944	103
-44.6835	56.5032	104
-39.283	62.1963	105
-34.6103	66.741	106
-29.4563	71.2439	107
-23.7883	75.6786	108
-19.0456	79.2603	109
-13.604	83.2355	110
-9.23034	86.4416	111
-4.13548	89.8998	112
-0.295528	92.6561	113
4.06619	95.3542	114
3.47067	93.5221	115
2.9025	91.2597	116
2.81032	88.9996	117
2.47136	86.7299	118
1.92993	84.4658	119
0.993912	82.1808	120
0.605862	80.0174	121
-0.358941	77.6519	122
-1.24497	75.3146	123
-2.08475	73.0307	124
-1.34302	90.7246	125
-1.33673	88.6381	126
-1.8474	86.3382	127
-2.56413	84.0391	128
-3.4915	81.749	129
-5.0981	79.1622	130
-6.1829	76.7414	131
-7.10786	74.3184	132
-7.94538	71.9106	133
-5.91792	87.6945	134
-6.75976	85.366	135
-7.67991	83.0339	136
-8.7469	80.7231	137
-9.47086	78.5238	138
-10.6952	75.9975	139
-11.7121	73.5107	140
-12.5977	71.0076	141
-10.2624	84.5878	142
-11.4331	82.2704	143
-12.6951	79.8903	144
-14.5066	77.2571	145
-15.6435	74.7641	146
-17.0626	72.1055	147
-17.9787	69.5088	148
-15.7362	80.7855	149
-17.1941	78.4347	150
-18.7302	76.0206	151
-19.6285	73.7249	152
-21.0047	71.0344	153
-22.2151	68.3032	154
-20.4796	77.3178	155
-22.1431	74.8546	156
-24.202	72.03	157
-25.6145	69.3202	158
-27.0168	66.4687	159
-26.1789	72.9867	160
-27.9747	70.3678	161
-29.1232	68.0469	162
-30.5402	65.1397	163
-31.0142	68.9864	164
-32.8681	66.2161	165
-34.8016	62.9832	166
-36.6171	63.9704	167
-38.451	60.9539	168
-41.341	59.2744	169
67.3882	68.6683	170
66.2355	65.7836	171
64.1321	63.9282	172
62.4698	60.5265	173
60.3955	57.9222	174
58.6221	53.8857	175
56.9435	49.6249	176
55.1092	45.6148	177
53.5628	40.4309	178
51.8854	36.3848	179
50.4262	30.9484	180
49.1306	25.5716	181
48.5202	33.5509	182
47.0993	41.4676	183
44.6575	48.4177	184
42.2611	54.2449	185
38.9454	60.2768	186
35.7227	64.5218	187
31.3336	68.7217	188
27.2904	71.1525	189
22.2196	72.8946	190
16.2014	73.6014	191
10.5151	73.4102	192
63.4676	70.8455	193
62.0342	68.1165	194
59.6879	65.7784	195
57.8109	62.7287	196
55.7883	59.0563	197
54.1137	55.885	198
52.723	51.0172	199
51.1944	47.1572	200
50.0137	42.3133	201
48.9496	38.6331	202
59.3139	72.5555	203
56.6989	70.4935	204
54.5325	67.9645	205
52.9204	64.9716	206
51.3959	61.046	207
49.9375	57.4577	208
48.6839	52.9777	209
47.6034	49.2609	210
47.0504	45.0305	211
54.068	74.3865	212
52.1488	71.8272	213
50.0221	69.1282	214
48.1488	66.3582	215
46.9017	62.2392	216
45.5674	59.3397	217
44.3562	55.4554	218
44.4337	52.1599	219
48.72	75.6254	220
46.5663	73.1795	221
45.0899	70.2374	222
43.6196	67.1816	223
42.5261	64.3114	224
41.8479	60.8111	225
41.6518	57.5632	226
43.7558	76.2812	227
41.5728	73.8013	228
39.8139	71.7025	229
38.9838	68.3363	230
38.0731	65.5687	231
38.0563	63.1222	232
37.8	76.7839	233
35.5279	74.4771	234
34.3053	72.2661	235
34.1194	69.9041	236
34.6891	66.9498	237
32.537	76.762	238
30.6521	74.6604	239
29.9799	72.5645	240
29.9988	70.4587	241
26.0429	76.5205	242
24.8513	74.636	243
25.2152	72.7685	244
20.6519	75.735	245
20.5874	74.0867	246
14.7232	74.5449	247
70.0629	66.6198	248
72.6431	61.3357	249
74.5467	57.1991	250
76.6622	52.1376	251
78.3529	48.1474	252
80.3171	43.1022	253
82.0032	39.1015	254
83.8268	34.0049	255
85.3497	29.9741	256
86.7117	25.9317	257
87.8112	21.3368	258
88.7342	18.4789	259
86.8764	17.734	260
84.5328	17.7523	261
81.6517	18.0562	262
78.3253	18.6562	263
74.6572	19.4787	264
70.8004	20.5847	265
66.8001	22.1861	266
62.723	23.7124	267
58.8225	24.1502	268
55.0625	24.5819	269
51.6952	24.9124	270
69.9103	63.8626	271
71.9835	59.4051	272
74.2939	54.1898	273
75.9986	49.9877	274
78.0608	44.7669	275
79.7536	40.5879	276
81.6508	35.3939	277
83.2538	31.3311	278
84.7739	26.2654	279
85.9682	22.4204	280
68.343	61.8347	281
70.9488	56.3969	282
72.715	51.8983	283
74.9978	46.4504	284
76.6769	41.8987	285
78.7801	36.2782	286
80.4426	31.8598	287
82.1048	26.6383	288
83.4565	22.6613	289
66.6273	59.0508	290
69.039	53.7311	291
70.8295	49.0126	292
73.2146	43.3146	293
74.9414	38.2465	294
77.1497	32.8393	295
78.9137	27.2549	296
80.3935	23.1199	297
64.5422	56.1439	298
67.1454	50.3902	299
69.2564	45.425	300
71.5055	39.3237	301
73.4531	34.2955	302
75.2928	28.3541	303
76.9082	23.8906	304
63.3354	52.003	305
65.232	46.9281	306
67.5759	40.7698	307
69.519	35.6169	308
71.5065	29.5995	309
73.1468	24.9066	310
61.2539	48.627	311
63.4687	42.3755	312
65.4917	37.2488	313
67.4767	31.1315	314
69.1854	26.253	315
59.4206	43.8428	316
61.3118	38.8675	317
63.3685	32.855	318
65.0873	27.9958	319
57.4292	39.4075	320
59.2786	34.4172	321
61.1267	28.4415	322
55.4722	35.0308	323
57.2188	28.9227	324
53.574	29.6326	325
87.3021	14.9189	326
85.4515	10.3421	327
83.1756	6.92041	328
80.5717	2.62505	329
78.0441	-0.431897	330
75.1887	-4.40413	331
72.6824	-7.30273	332
69.8485	-11.3159	333
67.5005	-14.6116	334
64.7258	-19.2892	335
62.6637	-23.2905	336
60.2269	-28.1038	337
59.911	-25.5319	338
59.1747	-22.1807	339
58.1199	-18.4409	340
56.8321	-14.5685	341
55.565	-10.5508	342
54.627	-5.54305	343
53.5058	-1.25076	344
52.6674	4.08541	345
51.5291	8.36135	346
50.6692	13.7855	347
49.7342	18.4563	348
85.2774	14.2309	349
83.1257	9.69723	350
80.8246	6.41319	351
78.1264	2.23986	352
75.587	-0.745908	353
72.7287	-4.7385	354
70.2517	-7.79393	355
67.4474	-12.0913	356
65.3047	-15.9709	357
62.5857	-20.5075	358
82.6444	14.2577	359
80.3059	9.84404	360
77.8901	6.66894	361
75.1294	2.54146	362
72.5521	-0.522308	363
69.6608	-4.7526	364
67.1689	-8.21845	365
64.2981	-12.9339	366
62.0225	-17.0933	367
79.5264	14.69	368
77.0388	10.3769	369
74.5051	7.23846	370
71.6772	2.99639	371
69.0373	-0.361588	372
66.0031	-5.1522	373
63.4622	-9.09305	374
60.5402	-14.1862	375
76.0133	15.3856	376
73.3914	11.1053	377
70.8136	7.89523	378
67.9943	3.52961	379
65.3013	-0.884107	380
62.4789	-4.88426	381
59.449	-10.124	382
72.215	16.2546	383
69.5163	12.0809	384
67.0526	8.80278	385
64.2424	4.32673	386
61.3273	-0.686782	387
58.6492	-4.93174	388
68.1238	17.6041	389
65.6698	13.29	390
62.9324	8.66535	391
60.3647	4.60734	392
57.4005	-0.757107	393
64.2544	17.9699	394
61.6975	14.0805	395
59.0301	8.88431	396
56.4468	4.52886	397
60.2981	18.4899	398
57.8439	14.3046	399
55.1757	8.82375	400
56.4235	18.7952	401
54.09	14.2745	402
52.829	18.8503	403
58.047	-29.5988	404
54.6327	-31.4511	405
50.5208	-33.3374	406
46.3978	-34.6862	407
41.4397	-36.5521	408
37.1801	-37.5195	409
32.0532	-39.1109	410
27.685	-39.9865	411
22.384	-41.4632	412
17.8967	-42.2835	413
12.2397	-43.7452	414
6.90122	-44.9572	415
13.1431	-41.0071	416
19.0193	-36.0646	417
23.2193	-31.5189	418
27.6503	-26.0009	419
31.4711	-20.3789	420
34.5317	-15.1679	421
37.9193	-8.87332	422
40.5944	-3.34311	423
43.4263	3.39334	424
45.6344	9.40891	425
47.722	17.0694	426
47.6944	11.8472	427
48.3309	7.79577	428
48.9092	2.66531	429
49.9021	-1.50094	430
50.5603	-6.90585	431
51.4984	-11.6437	432
52.845	-15.3765	433
53.8733	-20.1518	434
55.2904	-23.7243	435
57.1247	-26.3532	436
45.5057	6.04138	437
45.5998	1.35653	438
46.2667	-2.55881	439
46.7679	-7.63047	440
47.7096	-12.0408	441
48.7125	-16.6469	442
49.9101	-21.3296	443
51.366	-24.8283	444
53.2026	-28.0946	445
42.7646	-0.691738	446
42.86	-4.1463	447
42.9841	-9.086	448
43.9022	-12.9098	449
44.4664	-18.195	450
45.4506	-22.6567	451
46.5989	-26.5516	452
48.481	-30.3051	453
40.1043	-6.38789	454
39.7514	-10.6323	455
40.0193	-14.6609	456
40.5297	-19.1741	457
41.5367	-23.2441	458
42.7042	-27.5881	459
44.3653	-31.3626	460
36.7357	-12.9176	461
36.1984	-17.034	462
36.5161	-20.9987	463
37.5838	-24.3638	464
38.2712	-29.1739	465
39.4832	-33.0552	466
33.7426	-18.2079	467
33.1662	-22.2372	468
33.3734	-26.1313	469
33.9239	-30.3363	470
35.3819	-33.8515	471
29.8575	-24.2117	472
29.2848	-28.0337	473
29.7001	-31.8958	474
30.5248	-35.57	475
26.374	-29.188	476
25.9327	-32.7774	477
26.4195	-36.4028	478
21.8385	-34.6145	479
21.5821	-38.0076	480
17.6917	-39.0482	481
58.6459	-31.9951	482
56.3277	-36.8227	483
54.5252	-40.9625	484
51.9146	-45.9829	485
49.7274	-50.2485	486
46.812	-55.3081	487
44.71	-59.2306	488
41.8954	-63.8557	489
39.7577	-67.4571	490
36.9346	-71.5792	491
34.9661	-74.5721	492
32.961	-77.7545	493
31.6097	-76.3036	494
30.0399	-73.9641	495
27.9244	-71.7124	496
25.1256	-68.8156	497
22.9692	-65.8766	498
19.6248	-62.7088	499
17.1662	-59.8451	500
14.0033	-56.4431	501
12.0474	-53.9199	502
9.4041	-50.3741	503
8.20179	-47.4869	504
13.3352	-46.8442	505
19.1294	-45.6852	506
23.8925	-44.9227	507
29.4699	-43.4975	508
34.0178	-42.5834	509
39.3102	-40.9019	510
43.6041	-39.7669	511
48.5208	-37.7048	512
52.429	-36.174	513
56.0426	-34.1296	514
15.7	-49.6023	515
20.8331	-49.1578	516
26.7826	-47.8046	517
31.5877	-46.9122	518
37.0801	-45.2824	519
41.4471	-44.1734	520
46.3423	-42.245	521
50.0107	-40.9871	522
54.0763	-38.5274	523
18.1001	-52.9988	524
23.3971	-52.1918	525
29.4182	-50.8051	526
34.2314	-49.8373	527
39.6359	-48.1447	528
43.7716	-46.9572	529
48.3032	-44.9455	530
51.6095	-43.3503	531
20.3908	-55.763	532
26.0249	-55.1963	533
32.0752	-53.7275	534
36.7556	-52.7052	535
41.9146	-50.9663	536
45.6277	-49.7479	537
49.7096	-47.4671	538
23.2491	-59.0073	539
28.6316	-58.0917	540
34.5279	-56.6356	541
38.8915	-55.6122	542
43.6073	-53.7851	543
46.8513	-52.4697	544
25.9549	-61.4718	545
31.2231	-60.9939	546
36.5632	-59.5863	547
40.5898	-58.4637	548
44.7064	-56.5018	549
28.5269	-64.94	550
33.2278	-64.0447	551
38.3174	-62.3927	552
41.7793	-61.2161	553
30.8263	-67.5608	554
35.2371	-66.7557	555
39.5384	-64.9588	556
32.9061	-70.3769	557
36.541	-69.3715	558
33.8873	-73.0374	559
29.7273	-78.4456	560
26.5227	-79.1775	561
21.9358	-79.9766	562
18.0064	-80.708	563
12.5481	-81.0652	564
7.75216	-81.2253	565
2.26266	-80.9131	566
-3.89706	-79.9722	567
-9.20595	-78.7922	568
-15.6455	-76.5063	569
-21.2061	-73.9863	570
-27.6268	-70.3066	571
-24.6109	-70.8933	572
-21.5218	-70.8353	573
-19.27	-69.3049	574
-17.3626	-66.9311	575
-14.6197	-65.1278	576
-13.0276	-62.4742	577
-11.4608	-59.2351	578
-9.23388	-56.401	579
-6.45269	-53.532	580
-2.77844	-51.197	581
1.91049	-48.3053	582
3.98583	-50.8018	583
5.54375	-53.9062	584
8.3648	-57.1057	585
10.8011	-60.1046	586
14.3024	-63.5798	587
17.1512	-66.6855	588
20.1411	-69.727	589
23.1103	-72.5512	590
25.3601	-74.9842	591
28.1962	-77.0975	592
-0.0873962	-53.9608	593
2.24331	-56.6208	594
5.32856	-60.5336	595
8.07462	-63.8302	596
12.1207	-67.2405	597
15.4552	-70.3605	598
17.5141	-73.2187	599
21.1295	-75.8125	600
23.3923	-77.8659	601
-3.32977	-57.0588	602
-0.935241	-60.4053	603
2.7376	-64.1397	604
5.9746	-67.588	605
9.68236	-70.8685	606
12.9556	-73.8707	607
15.7561	-76.4395	608
19.4861	-78.6845	609
-5.76321	-60.3365	610
-3.10276	-63.8269	611
1.08055	-67.7284	612
4.92342	-71.0996	613
7.25984	-74.1313	614
11.3626	-77.0761	615
14.2978	-79.2197	616
-7.88745	-63.5162	617
-4.69614	-67.2506	618
-0.974068	-70.9681	619
2.68769	-74.3859	620
5.85774	-77.2054	621
9.90133	-79.7362	622
-9.95827	-66.1912	623
-5.83389	-70.5184	624
-3.04835	-73.8344	625
1.08036	-77.2259	626
4.11249	-79.5814	627
-11.7035	-69.0998	628
-8.44481	-72.8403	629
-4.60729	-76.4783	630
-1.65222	-78.9369	631
-13.4306	-71.6062	632
-10.4789	-75.0909	633
-6.65061	-78.2334	634
-15.5239	-73.6229	635
-12.8101	-76.4605	636
-18.2573	-74.3748	637
-30.0815	-67.5478	638
-32.6116	-63.6958	639
-34.9861	-59.209	640
-38.2362	-52.7234	641
-40.5599	-46.5964	642
-42.9582	-39.2855	643
-44.2989	-33.0315	644
-45.4567	-25.8333	645
-45.8639	-19.7699	646
-46.0702	-12.6864	647
-45.83	-6.56657	648
-45.5713	1.39133	649
-44.1466	-8.43665	650
-42.1857	-15.6859	651
-39.2867	-23.0853	652
-36.2238	-28.8416	653
-32.0778	-34.9608	654
-28.1757	-39.3981	655
-23.4382	-43.3812	656
-19.5352	-45.4444	657
-13.8765	-47.3976	658
-8.45227	-48.0291	659
-1.09271	-47.3338	660
-5.22038	-49.0938	661
-8.34289	-50.9737	662
-11.6111	-53.1253	663
-13.9018	-55.6972	664
-16.2946	-58.0608	665
-18.424	-60.414	666
-20.1841	-62.9441	667
-22.2296	-64.9911	668
-24.2482	-66.874	669
-26.6393	-67.9194	670
-10.7611	-48.7341	671
-14.6711	-49.9168	672
-17.3334	-51.4624	673
-19.0991	-53.8427	674
-20.8526	-55.9756	675
-23.6561	-57.4957	676
-25.7832	-59.4738	677
-27.8667	-61.3464	678
-30.0996	-62.8454	679
-16.8197	-47.5691	680
-19.3441	-48.3348	681
-21.447	-49.9855	682
-23.7494	-51.2633	683
-26.3722	-52.4519	684
-28.6172	-54.0777	685
-30.7765	-55.8438	686
-32.8085	-57.6843	687
-21.7557	-45.0914	688
-24.2138	-45.6519	689
-26.7317	-46.0434	690
-29.2682	-46.6423	691
-31.7205	-47.7104	692
-34.0121	-49.1959	693
-36.1563	-50.9264	694
-25.8162	-42.6694	695
-28.5593	-41.9685	696
-31.2036	-41.8088	697
-33.7178	-42.3227	698
-36.1035	-43.4194	699
-38.3879	-44.8838	700
-30.6592	-37.693	701
-33.2993	-36.4697	702
-35.8236	-36.2045	703
-38.253	-36.7678	704
-40.6159	-37.89	705
-34.494	-32.7911	706
-36.9953	-31.4656	707
-39.4396	-31.2794	708
-41.8478	-31.9449	709
-38.3437	-26.4235	710
-40.6416	-25.135	711
-43.0195	-25.1121	712
-41.2204	-20.6034	713
-43.4415	-19.5489	714
-43.8831	-13.2592	715
-32.5835	-67.0112	716
-38.3972	-62.8331	717
-43.0988	-59.0754	718
-48.444	-54.5309	719
-52.7109	-50.615	720
-57.4475	-45.7811	721
-61.2538	-41.6573	722
-65.2741	-36.7344	723
-68.452	-32.4262	724
-71.9094	-27.6064	725
-74.235	-23.9177	726
-76.6799	-20.4056	727
-74.5756	-20.2749	728
-72.698	-19.0865	729
-70.2554	-17.8322	730
-67.7481	-15.9106	731
-64.874	-13.5092	732
-62.017	-11.4085	733
-58.9399	-7.84462	734
-56.0879	-6.07111	735
-52.9844	-3.42339	736
-50.2103	-1.74698	737
-47.6466	0.0138284	738
-48.2089	-6.60603	739
-48.5269	-13.9776	740
-48.4934	-20.1797	741
-47.854	-27.6233	742
-46.7287	-34.1817	743
-44.9999	-41.5484	744
-42.6008	-48.6354	745
-40.3135	-54.4508	746
-37.6898	-59.7773	747
-34.8864	-63.9711	748
-50.9308	-8.45161	749
-51.2034	-15.8046	750
-51.2268	-22.1468	751
-50.306	-29.7618	752
-48.8749	-36.9965	753
-47.3792	-43.3623	754
-44.8355	-50.2454	755
-42.5054	-55.6386	756
-40.6468	-59.6555	757
-53.8428	-10.4568	758
-53.9955	-17.717	759
-53.7919	-24.3356	760
-52.8222	-32.3006	761
-51.1314	-39.248	762
-49.6245	-45.2711	763
-47.6845	-50.8784	764
-45.2172	-55.8446	765
-56.6634	-12.3693	766
-56.6534	-20.02	767
-56.161	-26.9024	768
-55.0126	-34.7314	769
-53.8301	-40.7162	770
-52.2124	-46.3671	771
-49.9699	-51.5522	772
-59.2047	-15.8723	773
-59.2973	-22.59	774
-58.5591	-30.0598	775
-57.7655	-35.9817	776
-56.2694	-42.0756	777
-54.8249	-46.6605	778
-62.2083	-18.7123	779
-61.959	-25.0929	780
-61.2356	-31.7872	781
-60.3391	-37.2828	782
-58.7695	-42.5077	783
-64.6583	-20.507	784
-64.7976	-26.6387	785
-63.6617	-33.2713	786
-62.9939	-37.4902	787
-67.6699	-22.6976	788
-67.2771	-27.977	789
-66.2559	-33.2527	790
-70.2103	-23.1606	791
-69.6339	-28.5645	792
-72.5756	-23.8264	793
-4.89883	69.1069	794
-12.3404	65.242	795
-17.919	61.4793	796
-23.8641	56.5462	797
-28.4463	51.7641	798
-32.6285	46.4802	799
-36.6193	39.9554	800
-39.6062	33.7215	801
-42.3509	26.1444	802
-44.0535	19.2374	803
-45.3429	10.4486	804
-46.5797	8.43425	805
-47.6531	13.9933	806
-49.0101	17.7232	807
-50.1119	21.8126	808
-50.9516	26.5915	809
-52.291	29.9468	810
-53.4609	32.9124	811
-54.0293	36.299	812
-53.818	40.0311	813
-52.5449	44.2531	814
-51.2334	47.8159	815
-48.3548	49.956	816
-44.5114	52.7173	817
-41.22	54.5537	818
-36.982	56.9643	819
-33.0889	58.7866	820
-28.2314	61.0796	821
-24.1338	62.6059	822
-19.4121	64.3131	823
-14.2951	66.105	824
-10.0273	67.3244	825
-49.5175	46.3564	826
-45.5455	49.1727	827
-42.1018	51.1279	828
-37.9654	53.4178	829
-33.2898	56.086	830
-29.257	57.8761	831
-24.4617	60.1531	832
-20.5977	61.6353	833
-15.8264	63.7132	834
-49.9679	43.0012	835
-46.4495	45.2615	836
-41.884	48.4132	837
-38.1883	50.4043	838
-33.6527	53.0688	839
-29.9191	54.9122	840
-25.4124	57.3512	841
-21.8639	59.1239	842
-49.8529	39.6199	843
-46.0969	42.1371	844
-41.6609	45.2538	845
-38.092	47.3473	846
-33.8723	50.0695	847
-30.507	52.0032	848
-26.4291	54.6975	849
-49.1323	36.4636	850
-45.5742	38.8041	851
-41.3346	41.977	852
-38.0703	44.1178	853
-34.2977	46.9507	854
-31.4844	49.0007	855
-48.7629	32.3786	856
-44.7708	35.6698	857
-41.4961	38.0418	858
-37.9406	41.1915	859
-35.3824	43.2901	860
-47.7204	28.7883	861
-44.0996	31.9039	862
-41.3355	34.4821	863
-38.467	37.5926	864
-46.8633	25.0714	865
-43.7972	28.1924	866
-41.5808	30.5064	867
-46.1289	20.716	868
-43.6745	23.9004	869
-45.5184	15.9381	870
-76.0299	-16.4854	871
-75.4264	-11.766	872
-74.2396	-5.37422	873
-73.2021	0.167937	874
-71.7456	6.66121	875
-70.377	12.1996	876
-68.1068	18.9819	877
-65.6968	24.9746	878
-62.1856	31.9646	879
-58.6681	38.0591	880
-54.0722	44.9072	881
-49.1291	5.91978	882
-51.8671	3.16418	883
-55.0559	0.843495	884
-58.2348	-1.37013	885
-61.3286	-3.64191	886
-64.3705	-6.58667	887
-67.2448	-9.18695	888
-70.1169	-12.2314	889
-72.2272	-14.1888	890
-74.5612	-15.5078	891
-50.6005	11.1574	892
-53.6565	8.21835	893
-56.8782	6.19518	894
-60.2481	2.82402	895
-63.3638	-0.41463	896
-66.4486	-3.02114	897
-69.0965	-5.04491	898
-71.6198	-7.66569	899
-73.8021	-9.54584	900
-51.8311	15.508	901
-55.2303	12.2116	902
-58.7376	9.87725	903
-62.0128	7.16145	904
-65.1597	4.09478	905
-68.0054	1.41605	906
-70.3037	-1.643	907
-72.837	-3.95868	908
-53.4015	19.4046	909
-56.6684	17.2005	910
-60.4581	13.4694	911
-63.7326	10.1728	912
-66.3041	8.7094	913
-69.1229	5.50461	914
-71.41	3.03697	915
-54.819	23.2733	916
-58.4066	20.3698	917
-61.86	17.2569	918
-64.818	14.7324	919
-67.3333	12.5896	920
-70.1137	8.97658	921
-56.3546	26.2237	922
-59.8899	23.1618	923
-62.5674	21.5592	924
-65.7349	18.4351	925
-68.1985	15.7802	926
-57.038	30.1239	927
-60.3896	27.4069	928
-63.1217	25.2348	929
-66.236	21.6395	930
-57.0419	34.1804	931
-60.5047	31.1195	932
-63.131	28.567	933
-56.7041	37.893	934
-60.0034	34.6389	935
-56.015	41.0572	936
