0.0344744	0.0353471	1
0.0466254	0.0421356	2
4.82706	5.53834	3
4.84983	5.54555	4
4.6948	5.40303	5
4.68389	5.39052	6
4.65189	5.37281	7
4.65565	5.38239	8
4.07699	4.78025	9
4.04322	4.75081	10
4.01604	4.72873	11
4.02468	4.74301	12
4.01318	4.73221	13
3.9907	4.713	14
3.99799	4.7056	15
3.95026	4.65078	16
3.93346	4.62815	17
3.90289	4.59201	18
3.90661	4.58976	19
3.8801	4.55749	20
3.88931	4.56022	21
3.84688	4.51232	22
2.7417	3.26241	23
2.7553	3.28151	24
2.78982	3.31635	25
2.8052	3.32787	26
3.81964	4.48824	27
3.85299	4.51682	28
4.2433	4.96082	29
4.24872	4.96255	30
4.26372	4.97261	31
4.44647	5.15795	32
4.44977	5.16324	33
4.47324	5.18435	34
0.112213	0.102339	35
0.0463854	0.0505968	36
4.78671	5.50192	37
4.73707	5.44514	38
4.72843	5.44189	39
4.68515	5.40489	40
4.6151	5.33461	41
4.61888	5.34401	42
4.07977	4.7874	43
4.07127	4.78331	44
3.97772	4.69042	45
3.99001	4.70664	46
4.77057	5.4905	47
4.72997	5.44664	48
4.69716	5.41974	49
4.57213	5.29007	50
4.57784	5.30149	51
4.12678	4.83581	52
4.09641	4.81043	53
3.97223	4.67891	54
3.97347	4.68434	55
4.4797	5.1988	56
4.48395	5.20304	57
4.58232	5.29859	58
4.55073	5.27239	59
4.15253	4.86259	60
4.12701	4.84201	61
3.93684	4.63788	62
3.94471	4.6505	63
4.46807	5.19132	64
4.49582	5.22055	65
4.53842	5.25895	66
4.1825	4.89456	67
4.15344	4.86968	68
3.87815	4.5729	69
3.90862	4.60786	70
4.47797	5.20671	71
4.51174	5.23656	72
4.18482	4.89836	73
4.17415	4.89198	74
3.87959	4.56886	75
3.87061	4.56408	76
4.25537	4.97076	77
4.23265	4.94777	78
4.19771	4.91667	79
3.8958	4.57879	80
3.8688	4.56004	81
4.20778	4.9238	82
4.20114	4.92174	83
3.87596	4.55375	84
3.86592	4.5476	85
4.22567	4.94716	86
3.85939	4.53037	87
3.85848	4.53454	88
3.85383	4.52387	89
3.83296	4.5033	90
3.8192	4.49338	91
2.83215	3.36129	92
2.84974	3.382	93
3.48602	4.12368	94
3.49052	4.1345	95
3.52088	4.16029	96
3.54639	4.19777	97
3.53039	4.1875	98
3.59001	4.25278	99
3.61192	4.2796	100
0.265402	0.31582	101
0.253201	0.310941	102
0.297172	0.353367	103
0.278167	0.339968	104
0.253394	0.29823	105
0.208975	0.252198	106
0.228057	0.260626	107
0.183176	0.210811	108
0.165064	0.187033	109
0.140087	0.15695	110
0.161318	0.171074	111
0.179472	0.0954039	112
0.0949422	0.0806822	113
0.0707593	0.0671825	114
0.0944728	0.0971427	115
0.0989315	0.102602	116
4.42626	5.13405	117
4.42679	5.13937	118
4.29059	5.00552	119
4.26303	4.98236	120
3.75858	4.42403	121
3.72727	4.39903	122
3.76439	4.43622	123
3.78659	4.46034	124
0.120995	0.129556	125
0.163007	0.172594	126
4.39421	5.10695	127
4.32055	5.03683	128
4.29006	5.01135	129
3.70546	4.36944	130
3.7148	4.38463	131
3.72776	4.40363	132
3.75099	4.4284	133
0.135079	0.149279	134
0.173051	0.187797	135
4.36875	5.08699	136
4.33174	5.0545	137
3.68038	4.34245	138
3.68007	4.3486	139
3.5218	4.16657	140
3.51881	4.16343	141
0.127086	0.156101	142
0.15938	0.180408	143
4.35559	5.07979	144
3.6408	4.30178	145
3.67425	4.3417	146
3.53673	4.187	147
3.49305	4.14418	148
0.14656	0.189648	149
0.179349	0.206346	150
3.61416	4.2731	151
3.63097	4.29684	152
3.55046	4.2067	153
3.50611	4.16277	154
0.15151	0.198492	155
0.192865	0.225658	156
3.59384	4.25768	157
3.53559	4.1985	158
3.5156	4.17685	159
0.180529	0.223095	160
0.221764	0.261006	161
3.56039	4.22877	162
3.54806	4.21468	163
0.196147	0.250452	164
0.233785	0.279194	165
3.57796	4.25056	166
0.211725	0.273818	167
0.260393	0.311081	168
0.248659	0.305166	169
4.03416	4.75801	170
4.02658	4.75031	171
5.16754	5.95732	172
4.9688	5.76624	173
4.96872	5.77462	174
4.75956	5.54437	175
4.74002	5.52355	176
4.37414	5.11079	177
4.35925	5.10097	178
2.61752	3.08567	179
2.57926	3.03902	180
2.55866	3.02442	181
2.57664	3.04504	182
2.60022	3.06304	183
2.61791	3.09213	184
2.65709	3.13696	185
2.68765	3.1733	186
2.7142	3.20575	187
2.71241	3.2125	188
2.73195	3.23574	189
2.73877	3.24867	190
2.75356	3.26877	191
2.74661	3.27776	192
4.0004	4.74393	193
4.02923	4.75908	194
5.13245	5.92696	195
5.00441	5.80265	196
4.97425	5.78117	197
5.00396	5.80473	198
4.34631	5.08163	199
4.3315	5.07173	200
2.61084	3.08472	201
2.59686	3.0693	202
4.03731	4.7719	203
4.05058	4.78025	204
5.10309	5.90115	205
5.01611	5.82257	206
5.01171	5.82307	207
4.31145	5.04493	208
4.31292	5.05165	209
2.61093	3.09065	210
2.598	3.07632	211
4.04677	4.78273	212
4.06721	4.798	213
5.06003	5.86228	214
5.03447	5.84083	215
4.26507	4.99652	216
4.27561	5.01257	217
2.64813	3.13368	218
2.62416	3.10849	219
4.08902	4.82567	220
4.13391	4.86655	221
5.07165	5.87969	222
4.22223	4.95218	223
4.23646	4.97323	224
2.6952	3.18632	225
2.65282	3.14296	226
4.10161	4.84035	227
4.10893	4.84324	228
4.20388	4.93242	229
4.20411	4.93848	230
2.68594	3.18327	231
2.6703	3.16599	232
4.10894	4.84934	233
4.13569	4.87131	234
4.18396	4.91695	235
2.7176	3.22086	236
2.68754	3.18922	237
4.11784	4.85973	238
4.14415	4.88142	239
2.74609	3.25541	240
2.70212	3.21007	241
4.12453	4.86769	242
2.72324	3.23809	243
2.70672	3.2198	244
2.76451	3.28525	245
2.72743	3.24643	246
2.72489	3.25174	247
5.26436	6.0431	248
5.25413	6.03785	249
5.22946	6.01803	250
4.89728	5.68201	251
4.88776	5.68032	252
4.86878	5.66593	253
4.88638	5.69167	254
4.5829	5.35752	255
4.54175	5.32052	256
4.50126	5.28458	257
4.53219	5.32096	258
4.53065	5.31948	259
4.49273	5.28596	260
4.48877	5.2663	261
4.51365	5.28472	262
4.47529	5.24108	263
4.4884	5.24787	264
4.47826	5.23179	265
4.43901	5.18688	266
4.44788	5.18913	267
4.4111	5.15154	268
2.53431	2.99417	269
2.52801	2.9937	270
5.21928	5.99935	271
5.20343	5.98977	272
4.93699	5.72941	273
4.89367	5.69064	274
4.88809	5.68284	275
4.85643	5.65805	276
4.56548	5.34397	277
4.55488	5.33771	278
4.50359	5.28683	279
4.48929	5.27653	280
5.1944	5.9786	281
4.92558	5.71961	282
4.90513	5.70378	283
4.853	5.64673	284
4.85332	5.65389	285
4.63119	5.41011	286
4.59921	5.38355	287
4.49796	5.27595	288
4.47332	5.25503	289
4.94413	5.73939	290
4.93196	5.73214	291
4.83683	5.62891	292
4.82014	5.61846	293
4.66555	5.44599	294
4.62109	5.40694	295
4.48939	5.26054	296
4.47502	5.25147	297
4.93517	5.73696	298
4.77561	5.56629	299
4.79612	5.59439	300
4.6917	5.47408	301
4.65242	5.44002	302
4.46699	5.23245	303
4.46775	5.23754	304
4.75694	5.54763	305
4.77032	5.56571	306
4.70707	5.49096	307
4.67739	5.4668	308
4.48412	5.24416	309
4.4536	5.21777	310
4.75089	5.53972	311
4.73225	5.51608	312
4.6861	5.47729	313
4.46101	5.21576	314
4.44529	5.20392	315
4.73459	5.52193	316
4.72273	5.51564	317
4.43724	5.1854	318
4.42508	5.17801	319
4.37972	5.11581	320
4.40773	5.14654	321
4.42289	5.1697	322
4.38405	5.12752	323
4.40287	5.14829	324
4.3921	5.14132	325
4.53489	5.32966	326
4.52777	5.32238	327
5.05214	5.84238	328
5.00783	5.80177	329
5.02948	5.83011	330
4.90335	5.69756	331
4.87978	5.67908	332
4.83439	5.63798	333
4.79325	5.60245	334
4.79334	5.60627	335
1.83223	2.17556	336
1.80717	2.15505	337
1.83547	2.18742	338
1.86861	2.21617	339
2.37487	2.7924	340
2.37286	2.79588	341
2.39534	2.81407	342
2.43305	2.86381	343
2.44337	2.87939	344
2.46678	2.909	345
2.48188	2.93056	346
2.48262	2.93694	347
2.52612	2.99617	348
4.49672	5.29799	349
4.50276	5.30315	350
4.99239	5.78529	351
4.98564	5.78475	352
4.90811	5.70676	353
4.88094	5.68522	354
4.75979	5.56613	355
4.77689	5.58851	356
4.77138	5.5827	357
1.84606	2.19949	358
4.50847	5.31727	359
4.52715	5.32746	360
4.9654	5.76283	361
4.92113	5.72147	362
4.88412	5.69056	363
4.75515	5.56084	364
4.74482	5.55454	365
4.75871	5.57418	366
4.77064	5.58768	367
4.53251	5.34233	368
4.57344	5.37509	369
4.95122	5.75296	370
4.91157	5.71917	371
4.69785	5.50093	372
4.72163	5.53019	373
2.38373	2.80881	374
2.38699	2.81207	375
4.57004	5.38085	376
4.60637	5.41005	377
4.92784	5.73635	378
4.69276	5.49398	379
4.69012	5.49675	380
2.38924	2.82011	381
2.37899	2.80836	382
4.58694	5.3975	383
4.62575	5.43074	384
4.66406	5.46357	385
4.67919	5.48466	386
2.45534	2.89174	387
2.41843	2.85357	388
4.61642	5.42714	389
4.62242	5.42917	390
4.63798	5.44152	391
2.44938	2.89219	392
2.4213	2.86347	393
4.62033	5.43254	394
4.63086	5.43922	395
2.43625	2.88445	396
2.42735	2.87422	397
4.65483	5.46866	398
2.47894	2.93319	399
2.46698	2.91962	400
2.49786	2.95826	401
2.469	2.92771	402
2.49633	2.9608	403
1.79867	2.14058	404
1.79383	2.14172	405
1.93916	2.29398	406
1.97504	2.33537	407
1.96327	2.32942	408
2.00399	2.37517	409
2.03248	2.41019	410
2.06388	2.44684	411
2.08096	2.47053	412
2.14231	2.53752	413
2.1559	2.55688	414
2.17274	2.57592	415
2.15356	2.56069	416
2.12926	2.5406	417
2.16844	2.57614	418
2.20307	2.60581	419
2.66735	3.16791	420
2.60525	3.10067	421
2.6087	3.09782	422
2.59431	3.07747	423
2.57125	3.04914	424
2.5557	3.02789	425
2.5547	3.02664	426
2.52549	3.00295	427
2.53825	3.01537	428
2.75119	3.23714	429
2.72894	3.21934	430
2.7019	3.19762	431
2.71192	3.21263	432
2.35715	2.77318	433
2.33751	2.75993	434
1.91302	2.26629	435
1.87206	2.22985	436
2.53775	3.01938	437
2.54471	3.02808	438
2.74158	3.23377	439
2.67014	3.16401	440
2.68497	3.1841	441
2.33087	2.7454	442
2.32354	2.74391	443
1.91979	2.28065	444
1.91176	2.27112	445
2.56763	3.05545	446
2.59348	3.08227	447
2.68017	3.1726	448
2.66036	3.15823	449
2.31248	2.72541	450
2.31012	2.72893	451
1.93982	2.30655	452
1.92851	2.29392	453
2.59067	3.08372	454
2.62192	3.11769	455
2.64506	3.14108	456
2.25703	2.66863	457
2.26783	2.68534	458
1.96919	2.34181	459
1.94527	2.31646	460
2.59336	3.09449	461
2.61733	3.11752	462
2.25138	2.66159	463
2.24929	2.66523	464
2.00245	2.38066	465
1.98027	2.35748	466
2.62889	3.13341	467
2.246	2.65455	468
2.23813	2.65255	469
2.02365	2.40757	470
2.01237	2.39513	471
2.21217	2.61912	472
2.2091	2.62256	473
2.08153	2.47113	474
2.05275	2.44083	475
2.20362	2.61533	476
2.07866	2.4744	477
2.07661	2.47056	478
2.12257	2.52417	479
2.1072	2.50691	480
2.12262	2.52832	481
1.77275	2.12494	482
1.77239	2.1086	483
1.74369	2.07393	484
1.6973	2.02199	485
1.66138	1.98016	486
1.66435	1.97723	487
1.67233	1.97867	488
1.62109	1.92237	489
1.58611	1.88135	490
1.51947	1.80931	491
1.48049	1.77493	492
1.45087	1.74959	493
1.42103	1.71618	494
1.44586	1.74472	495
2.63804	3.0779	496
2.66641	3.1123	497
2.70613	3.14731	498
3.02841	3.47803	499
3.04877	3.49383	500
3.22986	3.6852	501
3.26044	3.71245	502
3.40747	3.85505	503
2.18125	2.57941	504
3.39867	3.84585	505
3.37065	3.82223	506
3.33283	3.78863	507
3.3042	3.76376	508
2.87774	3.31825	509
2.85621	3.3015	510
2.82188	3.27253	511
2.83342	3.29	512
1.7397	2.08188	513
1.77177	2.11875	514
3.3858	3.83736	515
3.27795	3.73088	516
3.30056	3.7604	517
2.93241	3.37623	518
2.89353	3.34163	519
2.80343	3.25233	520
2.78952	3.24406	521
1.74517	2.08124	522
1.7366	2.07749	523
3.23379	3.69117	524
3.26661	3.72471	525
2.94918	3.39467	526
2.92927	3.37871	527
2.7741	3.2212	528
2.78106	3.23415	529
1.70741	2.03776	530
1.70842	2.04442	531
3.2465	3.70876	532
2.95627	3.4031	533
2.93184	3.3828	534
2.75864	3.20403	535
2.75323	3.20539	536
1.66604	1.99078	537
1.67428	2.00362	538
2.99247	3.44078	539
2.96111	3.41334	540
2.73176	3.17617	541
2.73556	3.18617	542
1.66121	1.97998	543
1.63942	1.96283	544
2.99018	3.44449	545
2.70107	3.14385	546
2.70871	3.15775	547
1.66543	1.97833	548
1.63721	1.9547	549
2.67693	3.1243	550
2.68236	3.12969	551
1.61952	1.9266	552
1.62717	1.93876	553
2.66985	3.12136	554
1.57561	1.87703	555
1.58743	1.89349	556
1.53641	1.83045	557
1.55456	1.85501	558
1.51227	1.8112	559
1.41704	1.73509	560
1.38158	1.67389	561
1.38367	1.66584	562
1.35102	1.62892	563
1.31119	1.58389	564
1.29528	1.55979	565
1.29244	1.55067	566
1.27778	1.53002	567
1.25743	1.5039	568
1.29201	1.5437	569
0.801086	0.964437	570
0.790208	0.957811	571
0.814019	0.986637	572
0.852665	1.02018	573
1.21605	1.45356	574
1.19266	1.43604	575
1.22448	1.46349	576
2.46324	2.89665	577
2.50379	2.93295	578
3.17773	3.62534	579
3.19359	3.64267	580
2.24383	2.65239	581
2.18122	2.5866	582
3.4247	3.86904	583
3.1888	3.64394	584
3.18426	3.6434	585
3.21984	3.68041	586
3.04553	3.49692	587
3.04265	3.49825	588
2.64967	3.08803	589
2.62359	3.06794	590
1.40182	1.69505	591
1.39676	1.71359	592
3.16865	3.62358	593
3.17054	3.62894	594
3.1804	3.64516	595
3.09457	3.54168	596
3.06123	3.5122	597
2.60784	3.04447	598
2.60426	3.047	599
1.38734	1.67429	600
1.35465	1.67617	601
3.15029	3.60389	602
3.15714	3.60364	603
3.08588	3.53441	604
3.06921	3.52221	605
2.60736	3.04277	606
2.59872	3.03995	607
1.34572	1.6269	608
1.34174	1.63495	609
3.14818	3.59975	610
3.13977	3.59019	611
3.09938	3.55415	612
2.5845	3.01825	613
2.59062	3.0299	614
1.30572	1.58105	615
1.32885	1.60847	616
2.499	2.93377	617
2.48675	2.92135	618
2.5271	2.96362	619
2.54898	2.98693	620
1.28943	1.55946	621
1.29786	1.57171	622
2.47917	2.9185	623
2.50243	2.9432	624
2.52356	2.9659	625
1.32235	1.58611	626
1.28287	1.5539	627
1.221	1.46598	628
1.23926	1.484	629
1.30973	1.56771	630
1.28272	1.54507	631
1.2244	1.47371	632
1.24665	1.4975	633
1.2675	1.52407	634
1.23843	1.49405	635
1.25162	1.50237	636
0.817749	0.99161	637
0.795344	0.95745	638
0.790554	0.958082	639
0.91343	1.08807	640
0.943786	1.12416	641
0.930927	1.11724	642
0.929086	1.12136	643
0.940822	1.13876	644
0.990976	1.19441	645
0.970223	1.17957	646
0.988587	1.20373	647
1.01285	1.23371	648
4.07968	4.69445	649
1.01504	1.24247	650
0.964704	1.25592	651
1.02438	1.25292	652
1.06525	1.28785	653
2.34454	2.78203	654
2.32523	2.75765	655
2.30944	2.73536	656
2.3281	2.74789	657
2.28774	2.70154	658
2.19521	2.60005	659
2.18703	2.59606	660
2.21556	2.62883	661
2.25237	2.66657	662
3.21965	3.66432	663
3.25487	3.69417	664
2.43631	2.86791	665
2.44363	2.88141	666
1.18232	1.41821	667
1.18523	1.427	668
0.860247	1.03362	669
0.834632	1.01282	670
2.24987	2.67023	671
2.27975	2.69981	672
3.25697	3.70392	673
2.41986	2.85036	674
2.40309	2.83934	675
1.20706	1.44145	676
1.16948	1.40996	677
0.902919	1.08364	678
0.877182	1.05676	679
2.28472	2.71206	680
2.30925	2.73517	681
2.36995	2.79904	682
2.37433	2.80915	683
1.16545	1.39807	684
1.16208	1.40093	685
0.951071	1.13677	686
0.91292	1.0979	687
2.28924	2.71941	688
2.30736	2.73936	689
2.35568	2.789	690
1.15582	1.38701	691
1.14039	1.37764	692
0.949984	1.14218	693
0.917195	1.10849	694
2.31606	2.75221	695
2.32156	2.75903	696
1.14108	1.37089	697
1.12767	1.36328	698
0.934501	1.13294	699
0.91642	1.1196	700
2.32	2.76196	701
1.08634	1.31471	702
1.11941	1.35374	703
0.922007	1.12634	704
0.918398	1.12175	705
1.09489	1.32162	706
1.07542	1.30877	707
0.958915	1.16897	708
0.9463	1.15543	709
1.05025	1.28127	710
0.992119	1.20735	711
0.952389	1.1663	712
1.00657	1.23169	713
0.960004	1.21039	714
0.969465	1.23494	715
0.773692	0.953786	716
0.790889	0.948676	717
0.766792	0.917263	718
0.733842	0.880151	719
0.757492	0.895113	720
0.712867	0.845595	721
0.651905	0.779682	722
0.681647	0.801107	723
0.658339	0.77347	724
0.569543	0.679593	725
0.553239	0.668256	726
0.528056	0.65559	727
0.514897	0.627518	728
0.548596	0.667705	729
3.2364	3.86594	730
3.2537	3.88909	731
3.2723	3.90335	732
3.62923	4.26817	733
3.66607	4.30083	734
3.82152	4.4492	735
3.84662	4.47262	736
4.00471	4.62679	737
4.03888	4.65681	738
3.99207	4.6138	739
3.95747	4.5834	740
3.92203	4.55185	741
3.91353	4.54932	742
3.45537	4.0871	743
3.43509	4.07098	744
3.41099	4.05129	745
3.41283	4.05873	746
0.76659	0.928417	747
0.768548	0.9346	748
3.99704	4.62399	749
3.90077	4.52769	750
3.90443	4.5369	751
3.49618	4.13021	752
3.47433	4.11214	753
3.40632	4.04547	754
3.40441	4.04875	755
0.775841	0.931549	756
0.750778	0.914914	757
3.8617	4.494	758
3.86425	4.49666	759
3.5261	4.1608	760
3.49405	4.1331	761
3.37832	4.01706	762
3.39546	4.03844	763
0.735134	0.885392	764
0.737201	0.892746	765
3.83598	4.4716	766
3.51593	4.15234	767
3.50912	4.14984	768
3.37713	4.01291	769
3.3594	4.0007	770
0.750272	0.894554	771
0.717952	0.867114	772
3.58828	4.22538	773
3.54567	4.18795	774
3.30219	3.93632	775
3.33643	3.97633	776
0.715298	0.85379	777
0.708931	0.854123	778
3.58669	4.23041	779
3.30723	3.93975	780
3.29323	3.9314	781
0.678695	0.811321	782
0.680477	0.820208	783
3.26981	3.90673	784
3.28247	3.91926	785
0.681383	0.808365	786
0.646225	0.779307	787
3.25391	3.89515	788
0.6184	0.739731	789
0.643775	0.769836	790
0.619136	0.732908	791
0.613627	0.734027	792
0.589881	0.711946	793
2.7971	3.32901	794
2.83663	3.36506	795
2.83581	3.37442	796
2.87518	3.41967	797
2.92851	3.47836	798
2.92833	3.48367	799
2.91439	3.47761	800
2.93679	3.5051	801
2.94726	3.51979	802
2.97278	3.55207	803
2.98706	3.57451	804
2.97846	3.56983	805
2.98093	3.57758	806
3.01269	3.60307	807
3.06241	3.66385	808
3.05802	3.66535	809
3.11031	3.72345	810
3.0805	3.69983	811
3.11867	3.74354	812
3.14383	3.77388	813
0.359261	0.419641	814
0.328503	0.379222	815
3.64311	4.30209	816
3.63536	4.29859	817
3.62481	4.29468	818
3.65752	4.32256	819
3.70732	4.3679	820
3.69854	4.36391	821
3.4403	4.0759	822
3.47395	4.11569	823
2.86296	3.40088	824
2.82605	3.36285	825
3.16997	3.7959	826
3.1754	3.80276	827
3.63204	4.30316	828
3.64526	4.31193	829
3.67826	4.3419	830
3.45422	4.08816	831
3.43065	4.07095	832
2.85746	3.40083	833
2.82517	3.36723	834
3.16412	3.797	835
3.17873	3.81242	836
3.6382	4.31234	837
3.66656	4.3345	838
3.43192	4.06439	839
3.427	4.06547	840
2.87955	3.4294	841
2.85098	3.4025	842
3.1971	3.83606	843
3.23148	3.86477	844
3.64075	4.31619	845
3.39484	4.0259	846
3.39628	4.03332	847
2.9136	3.46995	848
2.88065	3.43798	849
3.22425	3.86358	850
3.25732	3.89235	851
3.35735	3.98682	852
3.36982	4.00531	853
2.90145	3.46288	854
2.89217	3.45182	855
3.24036	3.88123	856
3.24709	3.8836	857
3.3517	3.98571	858
2.89529	3.46308	859
2.88886	3.45682	860
3.28408	3.92669	861
3.31147	3.94942	862
2.9288	3.50449	863
2.89517	3.46611	864
3.28646	3.93027	865
2.92699	3.50525	866
2.92464	3.50128	867
2.95156	3.53674	868
2.94712	3.52978	869
2.96758	3.55676	870
0.492093	0.644653	871
0.542306	0.651017	872
0.510099	0.612036	873
0.490194	0.588505	874
0.424938	0.51599	875
0.41395	0.499845	876
0.404908	0.484343	877
0.404708	0.476793	878
0.40939	0.474812	879
0.375312	0.431119	880
0.328096	0.389761	881
3.01103	3.6089	882
3.03613	3.63355	883
3.79445	4.41894	884
3.78124	4.41648	885
3.63862	4.279	886
3.65099	4.29644	887
3.22579	3.85382	888
3.21968	3.85331	889
0.520692	0.63334	890
0.500135	0.627819	891
3.0088	3.61116	892
3.0227	3.62669	893
3.7627	4.39635	894
3.69517	4.33135	895
3.65687	4.29767	896
3.23326	3.85961	897
3.20297	3.83512	898
0.510337	0.617056	899
0.497296	0.608923	900
3.04173	3.64876	901
3.07361	3.68073	902
3.72188	4.35947	903
3.6812	4.32307	904
3.21265	3.83747	905
3.19655	3.82731	906
0.454863	0.555995	907
0.485333	0.592149	908
3.05341	3.66493	909
3.06002	3.6729	910
3.6948	4.33865	911
3.17993	3.80338	912
3.18991	3.81908	913
0.437027	0.532406	914
0.450211	0.549731	915
3.07281	3.69104	916
3.08444	3.70393	917
3.17642	3.7983	918
3.15803	3.78579	919
0.414848	0.504785	920
0.39228	0.526822	921
3.07343	3.69671	922
3.0823	3.70719	923
3.15087	3.77681	924
0.417606	0.501787	925
0.390594	0.495779	926
3.10209	3.7308	927
3.10643	3.73653	928
0.413266	0.491311	929
0.381661	0.46633	930
3.12018	3.75465	931
0.402573	0.474629	932
0.372435	0.450941	933
0.388203	0.454406	934
0.372401	0.443509	935
0.344554	0.409231	936
