0.0406919	0.0410421	1
0.0465684	0.0421897	2
4.827	5.53839	3
4.84384	5.54962	4
4.69365	5.40388	5
4.68141	5.39258	6
4.65182	5.37287	7
4.65558	5.38245	8
4.07699	4.78025	9
4.04323	4.75074	10
4.01633	4.72847	11
4.02495	4.74277	12
4.01372	4.7317	13
3.99093	4.71283	14
3.99872	4.7052	15
3.95038	4.65064	16
3.93357	4.62805	17
3.90308	4.5918	18
3.90665	4.58968	19
3.88018	4.55738	20
3.88919	4.56024	21
3.8469	4.51235	22
2.74188	3.26221	23
2.75537	3.28143	24
2.78999	3.31619	25
2.80557	3.32742	26
3.81978	4.48814	27
3.85296	4.51685	28
4.243	4.96106	29
4.24861	4.96262	30
4.26338	4.97286	31
4.44635	5.15807	32
4.4487	5.16413	33
4.47219	5.18528	34
0.108256	0.106369	35
0.0460537	0.0510935	36
4.78651	5.50207	37
4.73458	5.44674	38
4.72743	5.44277	39
4.6848	5.40516	40
4.61507	5.33463	41
4.61875	5.34409	42
4.07977	4.78728	43
4.0714	4.78318	44
3.97817	4.68998	45
3.99037	4.70634	46
4.77054	5.49052	47
4.72919	5.44711	48
4.69712	5.41976	49
4.57209	5.2901	50
4.57777	5.30153	51
4.12677	4.83581	52
4.09667	4.81008	53
3.97248	4.6787	54
3.97382	4.68401	55
4.47967	5.19883	56
4.48391	5.20307	57
4.58222	5.29866	58
4.55049	5.27255	59
4.15237	4.86271	60
4.12704	4.84195	61
3.93711	4.63761	62
3.94509	4.65015	63
4.468	5.19137	64
4.49573	5.22061	65
4.53836	5.25899	66
4.18249	4.89457	67
4.15337	4.8697	68
3.87829	4.57273	69
3.90881	4.60767	70
4.47783	5.20681	71
4.51168	5.2366	72
4.18474	4.8984	73
4.17414	4.89199	74
3.87979	4.56862	75
3.8708	4.56389	76
4.25523	4.97084	77
4.23259	4.94781	78
4.19754	4.91683	79
3.8958	4.57874	80
3.87014	4.55888	81
4.20759	4.92392	82
4.20105	4.92181	83
3.87632	4.55374	84
3.86606	4.54748	85
4.22524	4.9475	86
3.85922	4.53047	87
3.85867	4.53433	88
3.85389	4.5238	89
3.83316	4.50311	90
3.81928	4.49329	91
2.8323	3.36118	92
2.84985	3.38189	93
3.48632	4.12346	94
3.49085	4.13422	95
3.52115	4.16007	96
3.54679	4.19733	97
3.53091	4.18704	98
3.59045	4.25239	99
3.61205	4.27949	100
0.2654	0.31582	101
0.25387	0.310566	102
0.297175	0.353366	103
0.278957	0.339554	104
0.253801	0.298462	105
0.212101	0.251591	106
0.227941	0.260926	107
0.183222	0.210797	108
0.165113	0.187021	109
0.140626	0.156928	110
0.161435	0.171414	111
0.157367	0.149556	112
0.0956696	0.0890232	113
0.0718917	0.0700635	114
0.0945264	0.0972002	115
0.0988003	0.102755	116
4.42515	5.13509	117
4.42538	5.14047	118
4.29036	5.00569	119
4.26281	4.98246	120
3.75867	4.42391	121
3.72762	4.39869	122
3.76466	4.43593	123
3.78707	4.45986	124
0.121142	0.129614	125
0.162859	0.172731	126
4.39369	5.10741	127
4.32029	5.03704	128
4.29003	5.01138	129
3.7055	4.36913	130
3.71496	4.38444	131
3.72795	4.40341	132
3.75127	4.42811	133
0.135212	0.149431	134
0.172756	0.188057	135
4.36871	5.08702	136
4.33167	5.05455	137
3.68037	4.34241	138
3.68032	4.34828	139
3.52196	4.16633	140
3.51892	4.16333	141
0.132692	0.155192	142
0.159343	0.180445	143
4.35556	5.07982	144
3.64101	4.30162	145
3.67467	4.34133	146
3.53681	4.18692	147
3.49382	4.14346	148
0.158346	0.187388	149
0.179315	0.20638	150
3.61427	4.27316	151
3.63137	4.29654	152
3.55059	4.20656	153
3.50712	4.16188	154
0.159789	0.194252	155
0.192817	0.225708	156
3.59408	4.25744	157
3.53605	4.19806	158
3.5161	4.17637	159
0.184149	0.221737	160
0.22209	0.261121	161
3.56079	4.22839	162
3.5484	4.21434	163
0.202675	0.248114	164
0.234215	0.27894	165
3.57844	4.25014	166
0.218173	0.269933	167
0.260547	0.310999	168
0.249761	0.30481	169
4.03436	4.7578	170
4.02676	4.75014	171
5.16763	5.9571	172
4.96865	5.76608	173
4.96933	5.77318	174
4.75949	5.54439	175
4.73996	5.5234	176
4.37532	5.11108	177
4.35925	5.101	178
2.61752	3.08567	179
2.57875	3.03991	180
2.55872	3.02439	181
2.5767	3.045	182
2.60003	3.06349	183
2.61792	3.09199	184
2.65713	3.13692	185
2.68766	3.17329	186
2.7143	3.20567	187
2.71306	3.21166	188
2.73224	3.23544	189
2.73918	3.24823	190
2.75375	3.26856	191
2.74684	3.27754	192
4.00681	4.73788	193
4.02952	4.7588	194
5.1327	5.92663	195
5.00421	5.8027	196
4.97465	5.78025	197
5.004	5.80467	198
4.34658	5.08136	199
4.33149	5.07174	200
2.61083	3.08473	201
2.59688	3.0693	202
4.03781	4.77142	203
4.05075	4.78007	204
5.10316	5.90103	205
5.01612	5.82243	206
5.01197	5.82273	207
4.31161	5.04478	208
4.31292	5.05165	209
2.61093	3.09065	210
2.59805	3.07628	211
4.04719	4.78231	212
4.06728	4.79793	213
5.06009	5.86219	214
5.03447	5.84082	215
4.26507	4.99652	216
4.27553	5.01259	217
2.64819	3.13368	218
2.62429	3.10837	219
4.08913	4.82557	220
4.13412	4.86636	221
5.07167	5.87965	222
4.22223	4.95218	223
4.23646	4.97238	224
2.69514	3.18631	225
2.65295	3.14285	226
4.102	4.84002	227
4.10922	4.84297	228
4.20391	4.93239	229
4.2042	4.93833	230
2.68608	3.18316	231
2.67037	3.16592	232
4.10929	4.84898	233
4.13584	4.87114	234
4.18414	4.91677	235
2.71777	3.22066	236
2.68763	3.18912	237
4.11814	4.85943	238
4.14436	4.8812	239
2.74635	3.25509	240
2.70251	3.20974	241
4.12475	4.86748	242
2.72347	3.23789	243
2.7068	3.21972	244
2.76472	3.28502	245
2.72753	3.24633	246
2.72561	3.25105	247
5.26415	6.04249	248
5.24951	6.0322	249
5.22918	6.01748	250
4.89615	5.68254	251
4.88772	5.68036	252
4.86879	5.66586	253
4.88683	5.69027	254
4.58273	5.35698	255
4.54176	5.32029	256
4.50151	5.28433	257
4.53229	5.32077	258
4.53082	5.31936	259
4.49294	5.28576	260
4.48897	5.26609	261
4.51351	5.28461	262
4.47539	5.24098	263
4.48821	5.24773	264
4.47815	5.23186	265
4.43886	5.18684	266
4.44742	5.18946	267
4.41097	5.15159	268
2.53445	2.99403	269
2.52807	2.99367	270
5.21892	5.99962	271
5.20289	5.98954	272
4.93681	5.7295	273
4.8936	5.69061	274
4.88744	5.6827	275
4.85645	5.65779	276
4.56545	5.34388	277
4.55491	5.33765	278
4.50378	5.28654	279
4.48944	5.27639	280
5.19397	5.97889	281
4.92543	5.71967	282
4.90508	5.70366	283
4.85287	5.64677	284
4.85337	5.6532	285
4.6306	5.41039	286
4.59921	5.38345	287
4.49829	5.27557	288
4.47357	5.25478	289
4.94351	5.73922	290
4.93196	5.73207	291
4.83663	5.62897	292
4.82012	5.61829	293
4.66491	5.4462	294
4.62115	5.4069	295
4.4894	5.26053	296
4.47539	5.25113	297
4.93518	5.73685	298
4.77554	5.5663	299
4.79609	5.59322	300
4.69117	5.47417	301
4.65241	5.43983	302
4.46703	5.23241	303
4.4678	5.23749	304
4.75673	5.54753	305
4.77031	5.56549	306
4.70611	5.49057	307
4.67741	5.46632	308
4.48416	5.24398	309
4.45369	5.21769	310
4.7506	5.53976	311
4.7309	5.51648	312
4.68618	5.47689	313
4.46128	5.21543	314
4.44545	5.20377	315
4.73399	5.52164	316
4.72297	5.51525	317
4.43739	5.18546	318
4.42538	5.17773	319
4.37912	5.11613	320
4.40756	5.14669	321
4.42299	5.16965	322
4.38405	5.12752	323
4.4031	5.14816	324
4.39212	5.1413	325
4.53506	5.32942	326
4.52795	5.32222	327
5.05198	5.84247	328
5.00718	5.80164	329
5.02944	5.82997	330
4.90327	5.69756	331
4.88005	5.67889	332
4.8346	5.63764	333
4.79381	5.60154	334
4.79336	5.60621	335
1.8322	2.1756	336
1.80724	2.15499	337
1.8355	2.1874	338
1.86859	2.21619	339
2.3748	2.79248	340
2.37294	2.79631	341
2.39515	2.81423	342
2.43303	2.86385	343
2.44324	2.87968	344
2.46675	2.90907	345
2.48204	2.93047	346
2.48277	2.93679	347
2.52628	2.99607	348
4.4975	5.29723	349
4.50289	5.30301	350
4.99222	5.78536	351
4.9856	5.78462	352
4.90805	5.70664	353
4.88165	5.68448	354
4.76003	5.56574	355
4.77697	5.58836	356
4.77139	5.58269	357
1.84606	2.19948	358
4.50979	5.3159	359
4.52727	5.32733	360
4.96529	5.76272	361
4.92116	5.72134	362
4.88485	5.68975	363
4.75561	5.5602	364
4.74483	5.55453	365
4.75871	5.57418	366
4.77065	5.58767	367
4.5339	5.34069	368
4.57349	5.37504	369
4.95124	5.7529	370
4.91206	5.7184	371
4.69804	5.50062	372
4.72178	5.53001	373
2.38373	2.80882	374
2.38699	2.81206	375
4.57134	5.37948	376
4.60656	5.40986	377
4.9282	5.73583	378
4.69283	5.49387	379
4.69012	5.49674	380
2.38924	2.82011	381
2.37902	2.80834	382
4.58758	5.39683	383
4.62586	5.43059	384
4.66411	5.4635	385
4.67935	5.48446	386
2.45529	2.89179	387
2.41846	2.85355	388
4.61654	5.42703	389
4.62268	5.42896	390
4.63799	5.44149	391
2.44961	2.89205	392
2.42192	2.8631	393
4.62044	5.43242	394
4.63111	5.43894	395
2.43628	2.88443	396
2.42742	2.87416	397
4.65496	5.46852	398
2.47909	2.93308	399
2.46705	2.91957	400
2.49819	2.95801	401
2.46921	2.92756	402
2.49653	2.96063	403
1.79869	2.14056	404
1.79393	2.14165	405
1.93911	2.29403	406
1.97494	2.33546	407
1.9632	2.3295	408
2.00372	2.3755	409
2.03241	2.41026	410
2.06371	2.44705	411
2.08096	2.47054	412
2.14225	2.53759	413
2.1559	2.55694	414
2.17298	2.57584	415
2.15364	2.56063	416
2.12934	2.54054	417
2.1688	2.57595	418
2.20312	2.60581	419
2.66753	3.16775	420
2.60561	3.10034	421
2.60886	3.09766	422
2.59444	3.07739	423
2.57151	3.04896	424
2.55593	3.02761	425
2.5551	3.0265	426
2.52599	3.00256	427
2.5383	3.01533	428
2.75103	3.23723	429
2.72857	3.2191	430
2.70227	3.19729	431
2.71198	3.21258	432
2.3571	2.77325	433
2.33768	2.75973	434
1.913	2.26634	435
1.8721	2.22982	436
2.53789	3.01927	437
2.54492	3.02793	438
2.74156	3.23376	439
2.6705	3.16378	440
2.68504	3.18404	441
2.33083	2.74544	442
2.32359	2.74399	443
1.91986	2.28061	444
1.91186	2.27107	445
2.56801	3.05515	446
2.59352	3.08224	447
2.68047	3.17235	448
2.66058	3.15805	449
2.31243	2.72549	450
2.31011	2.72896	451
1.93993	2.30652	452
1.92865	2.29384	453
2.59072	3.08368	454
2.62236	3.11725	455
2.64511	3.14103	456
2.25704	2.66863	457
2.26789	2.68531	458
1.96929	2.34174	459
1.94541	2.31635	460
2.59397	3.09397	461
2.61736	3.11749	462
2.25146	2.66154	463
2.24938	2.66519	464
2.0025	2.38063	465
1.98047	2.35733	466
2.62897	3.13334	467
2.24603	2.65453	468
2.23822	2.65251	469
2.02369	2.40754	470
2.01252	2.39502	471
2.21218	2.61912	472
2.20941	2.62233	473
2.08153	2.47113	474
2.05276	2.44082	475
2.20392	2.61515	476
2.07879	2.47428	477
2.07664	2.47055	478
2.12284	2.52403	479
2.10722	2.5069	480
2.12271	2.52826	481
1.77286	2.12485	482
1.77247	2.10861	483
1.74368	2.07397	484
1.69735	2.02197	485
1.66138	1.98015	486
1.66433	1.97731	487
1.67189	1.97902	488
1.62104	1.92243	489
1.58601	1.88146	490
1.51946	1.80933	491
1.4806	1.77484	492
1.45105	1.74943	493
1.42211	1.7153	494
1.44607	1.74456	495
2.63786	3.07805	496
2.66637	3.11234	497
2.70592	3.14749	498
3.02805	3.47835	499
3.04841	3.49414	500
3.22906	3.68589	501
3.26022	3.71262	502
3.40696	3.85547	503
2.18117	2.57949	504
3.39863	3.84589	505
3.37064	3.82223	506
3.33282	3.78864	507
3.30341	3.76436	508
2.87701	3.31889	509
2.8557	3.30194	510
2.82173	3.27265	511
2.83329	3.2901	512
1.73984	2.08176	513
1.77205	2.11855	514
3.3854	3.83771	515
3.27762	3.73114	516
3.30045	3.76049	517
2.93224	3.3764	518
2.89339	3.34175	519
2.80316	3.25252	520
2.7892	3.2443	521
1.74517	2.08124	522
1.73681	2.07736	523
3.23322	3.69162	524
3.2664	3.72488	525
2.94907	3.39476	526
2.92912	3.37885	527
2.77387	3.22137	528
2.78076	3.23438	529
1.70752	2.03783	530
1.70881	2.04409	531
3.24626	3.70894	532
2.95604	3.4033	533
2.93159	3.38298	534
2.75826	3.20433	535
2.75321	3.20541	536
1.66611	1.9907	537
1.67442	2.00349	538
2.99223	3.44099	539
2.9608	3.41358	540
2.73162	3.17629	541
2.73554	3.18619	542
1.66123	1.98001	543
1.63958	1.96269	544
2.99006	3.44458	545
2.70088	3.14404	546
2.70868	3.15777	547
1.66539	1.97835	548
1.63731	1.95465	549
2.67686	3.12436	550
2.68223	3.12979	551
1.61948	1.92663	552
1.62717	1.93875	553
2.66974	3.12146	554
1.57561	1.87705	555
1.58753	1.89343	556
1.53639	1.83047	557
1.55475	1.85492	558
1.51249	1.81104	559
1.42488	1.72852	560
1.38421	1.67184	561
1.38406	1.66557	562
1.35172	1.62828	563
1.31202	1.58312	564
1.29549	1.55959	565
1.29256	1.55057	566
1.27779	1.53002	567
1.25712	1.50354	568
1.29196	1.54394	569
0.801144	0.964372	570
0.790415	0.95785	571
0.814437	0.986354	572
0.852733	1.02016	573
1.21605	1.45357	574
1.1927	1.43601	575
1.22447	1.4635	576
2.46315	2.89673	577
2.5037	2.93304	578
3.17762	3.62544	579
3.19336	3.64287	580
2.24383	2.65239	581
2.18122	2.58661	582
3.42457	3.86915	583
3.18866	3.64405	584
3.18368	3.64388	585
3.21956	3.68064	586
3.04531	3.4971	587
3.04245	3.49842	588
2.64951	3.08817	589
2.62353	3.06799	590
1.40211	1.69482	591
1.40597	1.70588	592
3.16847	3.62375	593
3.17015	3.62926	594
3.18015	3.64537	595
3.09434	3.54188	596
3.06084	3.51253	597
2.60762	3.04462	598
2.6042	3.04705	599
1.38739	1.67424	600
1.36369	1.66863	601
3.15016	3.604	602
3.15712	3.60366	603
3.08554	3.5347	604
3.06901	3.52237	605
2.60731	3.04283	606
2.59867	3.04001	607
1.34576	1.62687	608
1.34584	1.63126	609
3.14788	3.60004	610
3.13962	3.59033	611
3.09927	3.55424	612
2.58441	3.01835	613
2.59044	3.0301	614
1.30574	1.58104	615
1.32889	1.60843	616
2.49884	2.93395	617
2.48654	2.92157	618
2.527	2.96372	619
2.54884	2.98709	620
1.28962	1.55931	621
1.29791	1.57168	622
2.47915	2.91852	623
2.50234	2.94326	624
2.52349	2.96598	625
1.32236	1.58609	626
1.28387	1.55313	627
1.22104	1.46596	628
1.23923	1.48403	629
1.30977	1.56768	630
1.28281	1.54501	631
1.22448	1.47365	632
1.24671	1.49745	633
1.26758	1.52401	634
1.23878	1.49379	635
1.25165	1.50234	636
0.81808	0.991324	637
0.795524	0.957282	638
0.790538	0.957963	639
0.913423	1.0881	640
0.943744	1.12422	641
0.930932	1.11724	642
0.929171	1.12129	643
0.940862	1.13873	644
0.990914	1.19448	645
0.970217	1.17958	646
0.988586	1.20373	647
1.01284	1.23371	648
4.07968	4.69445	649
1.0152	1.24234	650
0.990589	1.23201	651
1.02497	1.25241	652
1.06527	1.28784	653
2.34455	2.78202	654
2.32542	2.75744	655
2.30944	2.73535	656
2.328	2.74801	657
2.28761	2.70178	658
2.1954	2.60001	659
2.18727	2.59591	660
2.21579	2.62865	661
2.25235	2.66659	662
3.21944	3.66451	663
3.25438	3.69461	664
2.43619	2.86804	665
2.44359	2.88144	666
1.18231	1.41826	667
1.18523	1.42699	668
0.860338	1.03357	669
0.834916	1.01261	670
2.25056	2.66964	671
2.27978	2.69985	672
3.25696	3.70392	673
2.41986	2.85037	674
2.40308	2.83935	675
1.20705	1.44146	676
1.16959	1.40987	677
0.903062	1.08363	678
0.877487	1.05657	679
2.28558	2.71156	680
2.30926	2.73517	681
2.37002	2.79903	682
2.37436	2.80915	683
1.16535	1.3982	684
1.16215	1.40088	685
0.950974	1.13688	686
0.913033	1.09786	687
2.28925	2.7194	688
2.30748	2.73927	689
2.35572	2.78898	690
1.1558	1.38712	691
1.14041	1.37762	692
0.950039	1.14212	693
0.917572	1.10832	694
2.31613	2.75216	695
2.32156	2.75903	696
1.14108	1.37088	697
1.12768	1.36328	698
0.934831	1.1327	699
0.919625	1.11815	700
2.32013	2.76184	701
1.08639	1.31467	702
1.11954	1.35365	703
0.922363	1.12603	704
0.918884	1.12138	705
1.0949	1.32161	706
1.07564	1.3086	707
0.959126	1.16879	708
0.946783	1.15506	709
1.05026	1.28126	710
0.992125	1.20735	711
0.952519	1.1662	712
1.00857	1.23009	713
0.975968	1.19889	714
0.989572	1.21948	715
0.777326	0.951221	716
0.792224	0.948764	717
0.767038	0.917225	718
0.734765	0.87996	719
0.757171	0.895464	720
0.712868	0.845632	721
0.652234	0.779446	722
0.681337	0.80168	723
0.658252	0.77358	724
0.569726	0.679488	725
0.553518	0.668003	726
0.532064	0.652461	727
0.515031	0.627426	728
0.549004	0.667405	729
3.23651	3.86583	730
3.25386	3.88894	731
3.27241	3.90324	732
3.62911	4.26836	733
3.66595	4.3009	734
3.82055	4.45007	735
3.84633	4.47288	736
4.0044	4.62703	737
4.03841	4.65721	738
3.99207	4.6138	739
3.95747	4.58341	740
3.92188	4.55197	741
3.91346	4.54938	742
3.45541	4.08706	743
3.43509	4.07097	744
3.41108	4.0512	745
3.41285	4.05871	746
0.766691	0.928356	747
0.768644	0.934526	748
3.99683	4.62416	749
3.90029	4.52812	750
3.90377	4.53739	751
3.49644	4.13007	752
3.47446	4.11204	753
3.40664	4.0452	754
3.40443	4.04874	755
0.775785	0.931619	756
0.752117	0.914029	757
3.86152	4.49421	758
3.86399	4.49683	759
3.52588	4.16059	760
3.49409	4.13306	761
3.37888	4.0165	762
3.39555	4.03836	763
0.735236	0.885382	764
0.737577	0.892473	765
3.83539	4.47219	766
3.51599	4.1523	767
3.50923	4.14976	768
3.3773	4.01276	769
3.35942	4.00068	770
0.750252	0.894573	771
0.718264	0.866915	772
3.58809	4.2256	773
3.54576	4.18784	774
3.3023	3.93622	775
3.33651	3.97624	776
0.715275	0.853811	777
0.710242	0.853509	778
3.58674	4.23035	779
3.30731	3.93967	780
3.29325	3.93137	781
0.678688	0.811422	782
0.681183	0.819676	783
3.26995	3.9066	784
3.28255	3.91918	785
0.681373	0.808376	786
0.646801	0.779005	787
3.25411	3.89495	788
0.618429	0.739667	789
0.644086	0.76977	790
0.619088	0.73297	791
0.613934	0.733951	792
0.591233	0.711231	793
2.79713	3.32898	794
2.83685	3.36483	795
2.83603	3.3742	796
2.87544	3.41944	797
2.92886	3.47805	798
2.92844	3.48355	799
2.91513	3.47692	800
2.93754	3.50432	801
2.94738	3.51968	802
2.97327	3.55167	803
2.98797	3.57362	804
2.97894	3.56943	805
2.98159	3.57696	806
3.01306	3.60275	807
3.06256	3.66372	808
3.05818	3.66521	809
3.11046	3.72331	810
3.08086	3.69951	811
3.11889	3.74334	812
3.14386	3.77385	813
0.359265	0.419649	814
0.32827	0.379874	815
3.64311	4.30206	816
3.63539	4.29857	817
3.62525	4.29433	818
3.65766	4.32242	819
3.70764	4.36747	820
3.6986	4.36384	821
3.44036	4.07584	822
3.47413	4.11552	823
2.86308	3.40076	824
2.82623	3.36271	825
3.17006	3.79583	826
3.17542	3.80273	827
3.63232	4.3029	828
3.64543	4.31173	829
3.67828	4.34188	830
3.45424	4.08814	831
3.43088	4.07073	832
2.85738	3.40068	833
2.82527	3.36714	834
3.16472	3.79648	835
3.179	3.81216	836
3.63896	4.31162	837
3.6666	4.33446	838
3.43196	4.06435	839
3.42732	4.06548	840
2.87974	3.42908	841
2.8519	3.4017	842
3.19757	3.83563	843
3.23159	3.86467	844
3.64148	4.31542	845
3.39493	4.02583	846
3.3965	4.03313	847
2.91389	3.46958	848
2.88157	3.43717	849
3.22443	3.86341	850
3.25745	3.8922	851
3.35744	3.98674	852
3.37003	4.00513	853
2.90176	3.46253	854
2.8923	3.45171	855
3.24051	3.8811	856
3.24726	3.88344	857
3.35193	3.98553	858
2.89594	3.46253	859
2.88969	3.45613	860
3.2844	3.9264	861
3.31153	3.94935	862
2.93	3.50323	863
2.89526	3.46602	864
3.28659	3.93013	865
2.9271	3.50515	866
2.92472	3.50122	867
2.95209	3.53624	868
2.94727	3.52964	869
2.96814	3.5563	870
0.504844	0.633012	871
0.543253	0.650554	872
0.511533	0.612652	873
0.492035	0.588138	874
0.425495	0.51535	875
0.415433	0.499333	876
0.405649	0.484004	877
0.404793	0.476825	878
0.409228	0.475052	879
0.375272	0.431347	880
0.328608	0.389667	881
3.0118	3.60823	882
3.03701	3.63283	883
3.79209	4.42087	884
3.78118	4.41652	885
3.63843	4.27925	886
3.65108	4.29634	887
3.22588	3.85373	888
3.21974	3.85325	889
0.52081	0.633235	890
0.506536	0.623844	891
3.00946	3.61057	892
3.02387	3.62566	893
3.76255	4.39647	894
3.6949	4.33154	895
3.65671	4.29762	896
3.23335	3.85953	897
3.20304	3.83506	898
0.510392	0.617021	899
0.497695	0.608747	900
3.04239	3.6482	901
3.07373	3.68065	902
3.7216	4.35969	903
3.68103	4.32321	904
3.21275	3.83738	905
3.19674	3.82715	906
0.455015	0.55587	907
0.486174	0.591679	908
3.05353	3.66484	909
3.06009	3.67284	910
3.69473	4.3387	911
3.18006	3.80323	912
3.19004	3.81896	913
0.437159	0.532298	914
0.450346	0.549644	915
3.07337	3.69057	916
3.08482	3.70357	917
3.17661	3.79815	918
3.15822	3.78563	919
0.415134	0.504526	920
0.412494	0.509888	921
3.0736	3.69656	922
3.08257	3.70694	923
3.15096	3.77673	924
0.417855	0.501451	925
0.399128	0.49058	926
3.10218	3.73072	927
3.10643	3.73653	928
0.413374	0.491276	929
0.383312	0.465388	930
3.12027	3.75457	931
0.402573	0.474622	932
0.3738	0.450251	933
0.388214	0.4544	934
0.372914	0.44344	935
0.344569	0.409228	936
