0.023645	0.0253307	1
0.0466281	0.0421337	2
4.82706	5.53834	3
4.88351	5.52	4
4.69589	5.40224	5
4.68504	5.38957	6
4.65239	5.37242	7
4.65671	5.38158	8
4.07712	4.78014	9
4.04348	4.75192	10
4.01593	4.72882	11
4.02422	4.74341	12
4.0126	4.73274	13
3.99027	4.7133	14
3.99788	4.70568	15
3.95009	4.65096	16
3.93345	4.62816	17
3.90266	4.59228	18
3.90657	4.58986	19
3.87999	4.55767	20
3.88941	4.5602	21
3.84688	4.51228	22
2.74151	3.26262	23
2.75529	3.28152	24
2.78972	3.31644	25
2.80514	3.32793	26
3.81945	4.48837	27
3.85299	4.51682	28
4.24343	4.96072	29
4.24877	4.96251	30
4.26379	4.97257	31
4.44673	5.15768	32
4.45013	5.16294	33
4.48311	5.17583	34
0.137187	0.0741545	35
0.0464428	0.0505318	36
4.78679	5.50185	37
4.73733	5.44497	38
4.72923	5.44121	39
4.6857	5.40449	40
4.61563	5.33422	41
4.62005	5.34325	42
4.08011	4.78791	43
4.07116	4.78342	44
3.97741	4.69073	45
3.98951	4.70706	46
4.77111	5.49012	47
4.73092	5.44608	48
4.69772	5.4194	49
4.57266	5.28968	50
4.57889	5.30087	51
4.12679	4.83579	52
4.09618	4.81074	53
3.97199	4.67911	54
3.97299	4.68477	55
4.48019	5.19836	56
4.4845	5.20265	57
4.58288	5.29821	58
4.55133	5.27198	59
4.1526	4.86255	60
4.127	4.84202	61
3.93559	4.63912	62
3.94399	4.65119	63
4.46832	5.19109	64
4.49638	5.22015	65
4.53904	5.25846	66
4.1825	4.89456	67
4.15339	4.86969	68
3.87728	4.57398	69
3.90754	4.609	70
4.47828	5.20651	71
4.51206	5.23637	72
4.1852	4.89816	73
4.17415	4.89198	74
3.87953	4.56894	75
3.86962	4.56512	76
4.25543	4.97073	77
4.23295	4.94757	78
4.19774	4.91664	79
3.89576	4.57897	80
3.86843	4.56036	81
4.20778	4.92379	82
4.20114	4.92173	83
3.87576	4.55391	84
3.86549	4.54798	85
4.22581	4.94704	86
3.86028	4.53143	87
3.85832	4.53471	88
3.85383	4.52388	89
3.83275	4.5035	90
3.81889	4.49375	91
2.83214	3.3613	92
2.84974	3.382	93
3.48585	4.12381	94
3.49036	4.13464	95
3.52068	4.16044	96
3.54623	4.19794	97
3.53032	4.18756	98
3.5897	4.25306	99
3.61175	4.27975	100
0.265374	0.315826	101
0.25257	0.311227	102
0.297141	0.35337	103
0.277335	0.340377	104
0.2521	0.297352	105
0.205192	0.252501	106
0.228075	0.260613	107
0.183153	0.210813	108
0.165063	0.187032	109
0.1388	0.156351	110
0.159776	0.164285	111
0.566319	-0.300051	112
-0.00343849	-0.276268	113
0.0643892	0.0551194	114
0.0944709	0.09714	115
0.0989253	0.102584	116
4.42949	5.13105	117
4.42744	5.13884	118
4.29076	5.00538	119
4.26328	4.98226	120
3.75844	4.42423	121
3.72666	4.39962	122
3.76428	4.43635	123
3.78645	4.46048	124
0.120985	0.129547	125
0.164751	0.168274	126
4.39451	5.10669	127
4.32102	5.03648	128
4.29035	5.01114	129
3.70556	4.37022	130
3.71423	4.38527	131
3.7278	4.40358	132
3.75084	4.42857	133
0.13325	0.144888	134
0.173075	0.187775	135
4.36875	5.08699	136
4.33199	5.05429	137
3.68041	4.34312	138
3.68001	4.34867	139
3.52169	4.16675	140
3.51879	4.16346	141
0.106704	0.149808	142
0.15938	0.180408	143
4.35564	5.07976	144
3.64068	4.30188	145
3.67408	4.34185	146
3.53661	4.18711	147
3.49267	4.14454	148
-0.068842	0.248922	149
0.179366	0.206329	150
3.6142	4.27307	151
3.63066	4.29708	152
3.55035	4.20682	153
3.50529	4.1635	154
0.0959093	0.240403	155
0.192846	0.225675	156
3.59353	4.25799	157
3.53501	4.19907	158
3.51503	4.1774	159
0.163158	0.230271	160
0.221024	0.260749	161
3.5601	4.22905	162
3.54747	4.21526	163
0.174465	0.260041	164
0.233416	0.279397	165
3.57752	4.25096	166
0.179548	0.294333	167
0.260144	0.31118	168
0.242295	0.307535	169
4.0338	4.7584	170
4.02626	4.75061	171
5.16751	5.95749	172
4.96882	5.76625	173
4.96836	5.77538	174
4.75965	5.54435	175
4.74266	5.52614	176
4.37472	5.11093	177
4.35935	5.10095	178
2.61752	3.08567	179
2.57935	3.03883	180
2.55868	3.02441	181
2.57662	3.04506	182
2.60026	3.06295	183
2.6179	3.09214	184
2.65709	3.13696	185
2.68761	3.17336	186
2.71415	3.20578	187
2.71233	3.21312	188
2.73166	3.23603	189
2.73865	3.2488	190
2.75355	3.26879	191
2.74642	3.27796	192
3.98017	4.76506	193
4.02909	4.75921	194
5.13163	5.92813	195
5.00442	5.80265	196
4.97404	5.78169	197
5.00393	5.8048	198
4.34579	5.08217	199
4.3315	5.07173	200
2.61084	3.08472	201
2.59686	3.06931	202
4.03679	4.77241	203
4.05056	4.78027	204
5.10309	5.90116	205
5.01611	5.82261	206
5.01152	5.82334	207
4.31118	5.04521	208
4.31292	5.05165	209
2.61125	3.09039	210
2.59742	3.07683	211
4.04649	4.78303	212
4.06721	4.798	213
5.06004	5.86228	214
5.03446	5.84083	215
4.26507	4.99652	216
4.27562	5.01257	217
2.64811	3.13367	218
2.62412	3.10853	219
4.08901	4.82568	220
4.1336	4.86683	221
5.07165	5.87969	222
4.22223	4.95218	223
4.23612	4.97375	224
2.69523	3.18643	225
2.65277	3.14301	226
4.10118	4.84073	227
4.10863	4.84353	228
4.20388	4.93243	229
4.20376	4.93903	230
2.68565	3.18354	231
2.67	3.16632	232
4.10875	4.84954	233
4.13565	4.87136	234
4.18359	4.91733	235
2.71754	3.22094	236
2.68754	3.18922	237
4.11766	4.8599	238
4.14351	4.88213	239
2.74604	3.25548	240
2.70196	3.2102	241
4.12443	4.86779	242
2.72315	3.23817	243
2.70665	3.21987	244
2.76445	3.28533	245
2.72739	3.24646	246
2.72467	3.25195	247
5.27042	6.04561	248
5.31937	6.10176	249
5.23089	6.02054	250
4.8973	5.682	251
4.88776	5.68032	252
4.86876	5.66609	253
4.8856	5.69382	254
4.58371	5.35911	255
4.54175	5.32054	256
4.50005	5.28576	257
4.531	5.32325	258
4.52872	5.32099	259
4.49174	5.28691	260
4.48843	5.26665	261
4.51386	5.28486	262
4.47526	5.24111	263
4.48854	5.24789	264
4.47828	5.23178	265
4.43984	5.18675	266
4.44835	5.1888	267
4.41119	5.15151	268
2.53447	2.99383	269
2.52796	2.99373	270
5.2209	5.99812	271
5.20534	5.9907	272
4.93792	5.72892	273
4.8949	5.69128	274
4.88866	5.68297	275
4.85645	5.65868	276
4.56579	5.34422	277
4.55487	5.33773	278
4.50251	5.28845	279
4.48739	5.27827	280
5.19521	5.97811	281
4.92584	5.71951	282
4.90553	5.70458	283
4.85424	5.64632	284
4.85321	5.65477	285
4.63239	5.40944	286
4.60362	5.38852	287
4.4975	5.27649	288
4.47264	5.25572	289
4.94447	5.73954	290
4.932	5.73263	291
4.83838	5.62829	292
4.82018	5.61863	293
4.66703	5.44561	294
4.6215	5.40718	295
4.48938	5.26056	296
4.47475	5.25174	297
4.93514	5.7373	298
4.77572	5.56627	299
4.7961	5.59472	300
4.69271	5.47396	301
4.65391	5.44114	302
4.46692	5.23249	303
4.4675	5.23778	304
4.75787	5.54799	305
4.77034	5.5658	306
4.70845	5.49157	307
4.67765	5.46779	308
4.48443	5.24435	309
4.45359	5.21778	310
4.75199	5.53961	311
4.73368	5.51558	312
4.6862	5.47782	313
4.46118	5.21605	314
4.44528	5.20393	315
4.73523	5.52217	316
4.72483	5.51698	317
4.43711	5.18527	318
4.42457	5.17848	319
4.37991	5.11567	320
4.40789	5.14639	321
4.42288	5.1697	322
4.38404	5.12752	323
4.40264	5.14846	324
4.3921	5.14132	325
4.53468	5.32998	326
4.5274	5.3227	327
5.05243	5.84222	328
5.00829	5.8019	329
5.02963	5.83061	330
4.9035	5.69754	331
4.87945	5.67934	332
4.83406	5.63855	333
4.79309	5.60271	334
4.79335	5.60627	335
1.83224	2.17555	336
1.80715	2.15506	337
1.83547	2.18743	338
1.86867	2.2161	339
2.37488	2.79239	340
2.3728	2.79567	341
2.39539	2.81403	342
2.43306	2.8638	343
2.4436	2.87897	344
2.46677	2.90896	345
2.48187	2.93055	346
2.48261	2.93695	347
2.52609	2.99619	348
4.4964	5.29832	349
4.50255	5.30341	350
4.99266	5.78519	351
4.98574	5.78519	352
4.90853	5.7076	353
4.87965	5.68665	354
4.75935	5.56688	355
4.77688	5.58853	356
4.77138	5.5827	357
1.84606	2.19949	358
4.50805	5.31771	359
4.52707	5.32755	360
4.96547	5.76292	361
4.92105	5.72192	362
4.88281	5.69215	363
4.75468	5.56147	364
4.74482	5.55454	365
4.75869	5.57421	366
4.77063	5.58769	367
4.53187	5.34307	368
4.57285	5.37575	369
4.95113	5.7532	370
4.91043	5.72101	371
4.69767	5.50121	372
4.72176	5.53003	373
2.38348	2.80897	374
2.38699	2.81206	375
4.56928	5.38167	376
4.60618	5.41025	377
4.92671	5.73802	378
4.69275	5.49399	379
4.69012	5.49675	380
2.38924	2.82012	381
2.37863	2.80858	382
4.58513	5.39943	383
4.6257	5.43082	384
4.66405	5.46358	385
4.67902	5.48489	386
2.45538	2.89172	387
2.41819	2.85375	388
4.61507	5.42845	389
4.62193	5.42962	390
4.63783	5.44172	391
2.4493	2.89225	392
2.42101	2.86365	393
4.6191	5.43411	394
4.63051	5.43962	395
2.4361	2.88457	396
2.42683	2.8746	397
4.65479	5.46871	398
2.47889	2.93323	399
2.46652	2.91991	400
2.49778	2.95833	401
2.46894	2.92776	402
2.49627	2.96085	403
1.79864	2.1406	404
1.79371	2.14183	405
1.93927	2.29387	406
1.97512	2.33529	407
1.96328	2.3294	408
2.00427	2.37486	409
2.03249	2.41018	410
2.06388	2.44682	411
2.08096	2.47053	412
2.14233	2.5375	413
2.15596	2.55671	414
2.17268	2.57594	415
2.15351	2.56073	416
2.12923	2.54062	417
2.16838	2.57617	418
2.20301	2.60581	419
2.66732	3.16793	420
2.60508	3.10085	421
2.60864	3.09788	422
2.59426	3.07751	423
2.5712	3.04918	424
2.55553	3.02809	425
2.55444	3.02674	426
2.52545	3.00298	427
2.53825	3.01537	428
2.75124	3.23711	429
2.7298	3.21966	430
2.70179	3.19773	431
2.71189	3.21265	432
2.35716	2.77317	433
2.33753	2.76007	434
1.91308	2.26618	435
1.87205	2.22986	436
2.53769	3.01943	437
2.54465	3.02813	438
2.74159	3.23384	439
2.66971	3.16431	440
2.6842	3.18479	441
2.33088	2.74539	442
2.32354	2.74378	443
1.91971	2.28071	444
1.91138	2.27143	445
2.56758	3.0555	446
2.59342	3.08232	447
2.68013	3.17264	448
2.66011	3.15844	449
2.31257	2.72528	450
2.31012	2.72893	451
1.9396	2.30672	452
1.92851	2.29392	453
2.59065	3.08373	454
2.62183	3.11779	455
2.64505	3.14108	456
2.25702	2.66864	457
2.26778	2.68537	458
1.96919	2.34181	459
1.94523	2.3165	460
2.59316	3.09466	461
2.61733	3.11752	462
2.25136	2.66159	463
2.24919	2.66528	464
2.00245	2.38067	465
1.98021	2.35753	466
2.62885	3.13345	467
2.24595	2.65457	468
2.23806	2.65258	469
2.02362	2.40759	470
2.01231	2.39518	471
2.21217	2.61912	472
2.20864	2.62292	473
2.08153	2.47114	474
2.05264	2.44091	475
2.20323	2.61556	476
2.07864	2.47441	477
2.07661	2.47057	478
2.12244	2.52424	479
2.10719	2.50692	480
2.12262	2.52833	481
1.77272	2.12497	482
1.77212	2.10867	483
1.7437	2.07391	484
1.69708	2.02226	485
1.66141	1.98025	486
1.66452	1.97682	487
1.67274	1.97835	488
1.62122	1.92223	489
1.58611	1.88135	490
1.51959	1.80922	491
1.48035	1.77505	492
1.45049	1.74996	493
1.4206	1.71654	494
1.44534	1.74514	495
2.63805	3.07788	496
2.66641	3.1123	497
2.70613	3.1473	498
3.02901	3.4775	499
3.04879	3.49381	500
3.23034	3.6848	501
3.26048	3.71242	502
3.4075	3.85502	503
2.18131	2.57933	504
3.39964	3.84503	505
3.37225	3.82083	506
3.33285	3.78861	507
3.30491	3.76321	508
2.87824	3.31782	509
2.85653	3.30123	510
2.8222	3.27228	511
2.83375	3.28975	512
1.73964	2.08193	513
1.7715	2.11895	514
3.38765	3.83577	515
3.27799	3.73085	516
3.3012	3.75984	517
2.93322	3.37548	518
2.89373	3.34146	519
2.80379	3.25206	520
2.78966	3.24396	521
1.74517	2.08124	522
1.73633	2.07767	523
3.23443	3.69066	524
3.26735	3.72414	525
2.94981	3.3941	526
2.92944	3.37854	527
2.77411	3.22119	528
2.78162	3.23372	529
1.70736	2.03779	530
1.70825	2.04457	531
3.24685	3.70847	532
2.95673	3.40271	533
2.93197	3.38271	534
2.7588	3.20391	535
2.75333	3.20532	536
1.66595	1.99088	537
1.67427	2.00363	538
2.99304	3.44029	539
2.96125	3.41323	540
2.73208	3.17588	541
2.73566	3.18609	542
1.661	1.97979	543
1.63936	1.96288	544
2.99079	3.44402	545
2.70134	3.14359	546
2.70871	3.15775	547
1.66582	1.97813	548
1.63715	1.95474	549
2.67694	3.1243	550
2.68277	3.12937	551
1.61979	1.92638	552
1.62703	1.9389	553
2.67008	3.12115	554
1.57566	1.877	555
1.58743	1.8935	556
1.53641	1.83045	557
1.55454	1.85503	558
1.51202	1.81138	559
1.18391	1.98081	560
1.37982	1.67533	561
1.38335	1.66608	562
1.35072	1.62923	563
1.31086	1.58421	564
1.29519	1.55987	565
1.29231	1.55078	566
1.27752	1.53018	567
1.25976	1.50656	568
1.29208	1.54378	569
0.801043	0.964498	570
0.78129	0.962836	571
0.812029	0.98794	572
0.852491	1.02013	573
1.21606	1.45357	574
1.19266	1.43604	575
1.22448	1.46349	576
2.46364	2.89628	577
2.504	2.93275	578
3.17775	3.62532	579
3.19392	3.64238	580
2.24383	2.65239	581
2.18122	2.5866	582
3.42469	3.86904	583
3.18939	3.64347	584
3.18473	3.643	585
3.22048	3.67989	586
3.04586	3.49665	587
3.04274	3.49817	588
2.64971	3.088	589
2.62407	3.06754	590
1.40156	1.69525	591
0.969598	2.05518	592
3.16926	3.62302	593
3.17102	3.62855	594
3.18042	3.64514	595
3.0952	3.54117	596
3.06196	3.51161	597
2.60794	3.0444	598
2.6046	3.04671	599
1.38693	1.67474	600
1.35289	1.6776	601
3.15106	3.60327	602
3.15715	3.60363	603
3.08609	3.53424	604
3.06972	3.5218	605
2.60757	3.04253	606
2.59914	3.03947	607
1.34539	1.6271	608
1.29861	1.67365	609
3.1487	3.59926	610
3.13985	3.59012	611
3.09952	3.55404	612
2.58452	3.01823	613
2.59082	3.02968	614
1.30547	1.58127	615
1.32858	1.60869	616
2.49908	2.93369	617
2.48689	2.9212	618
2.52721	2.96351	619
2.54944	2.98647	620
1.28915	1.5597	621
1.29761	1.57194	622
2.47918	2.91849	623
2.50353	2.9425	624
2.5241	2.9653	625
1.32231	1.58614	626
1.28237	1.55429	627
1.22099	1.46599	628
1.23945	1.48322	629
1.3098	1.56778	630
1.28263	1.54513	631
1.22439	1.47372	632
1.24665	1.4975	633
1.2674	1.52415	634
1.2384	1.49407	635
1.25161	1.50237	636
0.817654	0.991693	637
0.795321	0.957477	638
0.789137	0.960174	639
0.913433	1.08806	640
0.943797	1.12415	641
0.93093	1.11724	642
0.929079	1.12136	643
0.940776	1.13879	644
0.990997	1.1944	645
0.970226	1.17957	646
0.988588	1.20373	647
1.01285	1.23371	648
4.07968	4.69445	649
1.01504	1.24248	650
0.468255	1.67763	651
1.02434	1.25296	652
1.06512	1.28796	653
2.34454	2.78203	654
2.32517	2.75771	655
2.30944	2.73537	656
2.32819	2.74784	657
2.28778	2.70147	658
2.19518	2.60006	659
2.18657	2.59635	660
2.21508	2.62922	661
2.25249	2.66646	662
3.22058	3.6635	663
3.25492	3.69412	664
2.43632	2.86788	665
2.44394	2.88117	666
1.18198	1.41785	667
1.18512	1.42708	668
0.860149	1.03364	669
0.832451	1.01436	670
2.24945	2.67059	671
2.27943	2.69976	672
3.25698	3.70391	673
2.41987	2.85034	674
2.40317	2.83903	675
1.20726	1.44124	676
1.16938	1.41004	677
0.902793	1.08362	678
0.87675	1.05701	679
2.28468	2.71209	680
2.30924	2.73516	681
2.36963	2.79913	682
2.37433	2.80916	683
1.16535	1.39803	684
1.16196	1.40101	685
0.951099	1.13673	686
0.912888	1.09791	687
2.28924	2.71941	688
2.30732	2.73939	689
2.35567	2.78901	690
1.15582	1.38696	691
1.14039	1.37764	692
0.949962	1.1422	693
0.91698	1.10858	694
2.31599	2.75226	695
2.32156	2.75903	696
1.14108	1.37089	697
1.12767	1.36328	698
0.933969	1.13331	699
0.915547	1.11999	700
2.31961	2.76231	701
1.08633	1.31471	702
1.11939	1.35375	703
0.921926	1.12641	704
0.918198	1.1219	705
1.09489	1.32162	706
1.07541	1.30878	707
0.958906	1.16898	708
0.946098	1.15558	709
1.0498	1.28163	710
0.991987	1.20759	711
0.84595	1.26194	712
1.00583	1.2321	713
0.924444	1.24754	714
0.94372	1.24388	715
0.756166	0.969158	716
0.790673	0.948703	717
0.766625	0.91725	718
0.733693	0.88017	719
0.759384	0.892701	720
0.712866	0.845577	721
0.651801	0.779743	722
0.681754	0.800913	723
0.658436	0.773344	724
0.569459	0.679633	725
0.553213	0.66828	726
0.516807	0.665169	727
0.514441	0.627658	728
0.548236	0.667975	729
3.23636	3.86598	730
3.25347	3.8893	731
3.27201	3.90363	732
3.6293	4.26806	733
3.66632	4.30066	734
3.82214	4.44872	735
3.84728	4.47204	736
4.00473	4.62678	737
4.04058	4.65537	738
3.99207	4.6138	739
3.95747	4.5834	740
3.9224	4.55156	741
3.91419	4.54879	742
3.45535	4.08715	743
3.43509	4.07098	744
3.41091	4.05138	745
3.41282	4.05874	746
0.766555	0.928436	747
0.735356	0.951343	748
3.99745	4.62368	749
3.90118	4.52733	750
3.90509	4.53641	751
3.4961	4.13026	752
3.47421	4.11223	753
3.40609	4.04566	754
3.4044	4.04877	755
0.775802	0.931532	756
0.750601	0.915029	757
3.86208	4.4936	758
3.86482	4.49632	759
3.52676	4.1615	760
3.49396	4.13319	761
3.37801	4.01737	762
3.3954	4.0385	763
0.735065	0.885409	764
0.737022	0.892876	765
3.83655	4.47106	766
3.51588	4.15238	767
3.50888	4.15003	768
3.37647	4.01347	769
3.3594	4.0007	770
0.750265	0.894561	771
0.71753	0.867377	772
3.58881	4.22485	773
3.54535	4.18832	774
3.30173	3.93678	775
3.3364	3.97636	776
0.715298	0.853791	777
0.708836	0.854171	778
3.58663	4.23048	779
3.30704	3.93996	780
3.29299	3.9317	781
0.678751	0.811352	782
0.680437	0.820248	783
3.26971	3.90684	784
3.28218	3.91958	785
0.681491	0.808249	786
0.646185	0.779334	787
3.25369	3.89537	788
0.618289	0.739744	789
0.643649	0.769855	790
0.619151	0.732893	791
0.613501	0.734053	792
0.589804	0.711988	793
2.79707	3.32904	794
2.83662	3.36506	795
2.83579	3.37444	796
2.87515	3.41969	797
2.92823	3.47862	798
2.92834	3.48366	799
2.91408	3.47792	800
2.93655	3.50536	801
2.94721	3.51984	802
2.97271	3.55213	803
2.98697	3.57459	804
2.97839	3.5699	805
2.98089	3.57762	806
3.01224	3.60346	807
3.06223	3.66402	808
3.05796	3.6654	809
3.11019	3.72356	810
3.08046	3.69986	811
3.11864	3.74357	812
3.14381	3.77389	813
0.359262	0.419626	814
0.328838	0.378258	815
3.64309	4.30214	816
3.63534	4.29861	817
3.62437	4.29503	818
3.6574	4.32269	819
3.70728	4.36795	820
3.69851	4.36394	821
3.44027	4.07594	822
3.47379	4.11585	823
2.8628	3.40105	824
2.82603	3.36287	825
3.16988	3.79598	826
3.17537	3.80278	827
3.63148	4.30367	828
3.64496	4.31227	829
3.67783	4.3423	830
3.45413	4.08826	831
3.43053	4.07107	832
2.85747	3.40077	833
2.82513	3.36727	834
3.16401	3.7971	835
3.17852	3.81261	836
3.63724	4.31324	837
3.66654	4.33452	838
3.43189	4.06441	839
3.42636	4.06546	840
2.87972	3.42965	841
2.85074	3.40273	842
3.19706	3.83609	843
3.23134	3.86491	844
3.63974	4.31726	845
3.39464	4.02606	846
3.39594	4.03362	847
2.9136	3.46998	848
2.88041	3.43821	849
3.22384	3.86396	850
3.25719	3.89248	851
3.3571	3.98708	852
3.36917	4.00592	853
2.90125	3.46314	854
2.89194	3.45201	855
3.24024	3.88134	856
3.24687	3.8838	857
3.35151	3.98587	858
2.89506	3.46326	859
2.88856	3.45706	860
3.28389	3.92687	861
3.31144	3.94945	862
2.92868	3.50466	863
2.89512	3.46615	864
3.28628	3.93046	865
2.92697	3.50527	866
2.9246	3.50132	867
2.9512	3.53709	868
2.94707	3.52983	869
2.9675	3.55683	870
0.415092	0.71179	871
0.542115	0.651177	872
0.509148	0.611671	873
0.489865	0.58857	874
0.424775	0.516208	875
0.413076	0.500155	876
0.40079	0.485693	877
0.403824	0.47643	878
0.409413	0.474778	879
0.375521	0.428966	880
0.328024	0.389764	881
3.01095	3.60897	882
3.03584	3.63377	883
3.79514	4.41836	884
3.7817	4.41616	885
3.63873	4.27888	886
3.65089	4.29655	887
3.22567	3.85392	888
3.21965	3.85333	889
0.520688	0.633346	890
0.452601	0.657595	891
3.00876	3.6112	892
3.02208	3.62724	893
3.76309	4.39605	894
3.6952	4.33132	895
3.65692	4.29767	896
3.23306	3.85979	897
3.20297	3.83512	898
0.510332	0.617059	899
0.494834	0.609788	900
3.0407	3.64968	901
3.07358	3.68076	902
3.722	4.35936	903
3.6812	4.32306	904
3.21259	3.83753	905
3.19651	3.82735	906
0.45457	0.556232	907
0.484911	0.592429	908
3.05338	3.66495	909
3.06	3.67292	910
3.69481	4.33865	911
3.17983	3.80348	912
3.18986	3.81913	913
0.436995	0.53244	914
0.450086	0.54983	915
3.07258	3.69123	916
3.0843	3.70407	917
3.17606	3.79861	918
3.15797	3.78585	919
0.414426	0.505169	920
0.231752	0.651838	921
3.07315	3.69697	922
3.08198	3.70751	923
3.15083	3.77685	924
0.417522	0.501895	925
0.339063	0.537002	926
3.10174	3.73112	927
3.10615	3.73679	928
0.413225	0.491346	929
0.360622	0.475934	930
3.12009	3.75473	931
0.402289	0.474585	932
0.371583	0.451314	933
0.3882	0.454389	934
0.371921	0.443532	935
0.344515	0.409227	936
