0.0423088	0.0423226	1
-259.377	-311.098	2
4.82632	5.53806	3
587.575	106.622	4
4.69218	5.40488	5
491.624	-39.8407	6
4.65162	5.37279	7
387.863	-73.4981	8
4.07697	4.78025	9
363.957	-13.728	10
4.01654	4.72828	11
-46.8855	-125.046	12
4.01392	4.73139	13
34.1228	237.365	14
3.99903	4.70499	15
79.7034	233.176	16
3.9336	4.62802	17
180.49	404.24	18
3.90668	4.58955	19
259.588	175.456	20
3.88895	4.56028	21
-173.41	-40.1047	22
2.74208	3.26212	23
-110.422	396.974	24
2.79015	3.31606	25
37.5936	71.5301	26
3.81984	4.48805	27
60.997	58.341	28
4.24283	4.96117	29
299.681	120.888	30
4.2631	4.97299	31
281.599	-219.269	32
4.44738	5.16504	33
344.216	-462.142	34
0.108358	0.106929	35
-271.998	-313.596	36
4.78608	5.50195	37
603.907	62.5344	38
4.72632	5.44332	39
512.755	-1.9517	40
4.61505	5.33463	41
457.696	17.2884	42
4.07976	4.78727	43
255.123	73.8213	44
3.97821	4.68994	45
11.4903	150.824	46
4.77021	5.4903	47
563.036	30.1157	48
4.69687	5.41962	49
538.959	-3.39297	50
4.57771	5.30152	51
266.542	-74.3711	52
4.09672	4.80999	53
10.4257	136.983	54
3.97382	4.68401	55
371.275	-352.548	56
4.48391	5.20307	57
633.299	-152.736	58
4.55031	5.27259	59
322.979	1.46383	60
4.12705	4.84187	61
53.8762	281.49	62
3.94543	4.64984	63
270.358	-62.5841	64
4.49567	5.22062	65
517.318	-85.1214	66
4.18238	4.89453	67
334.935	76.3859	68
3.8783	4.57271	69
91.0763	366.111	70
4.47724	5.20651	71
535.877	-131.449	72
4.18462	4.89832	73
165.795	102.703	74
3.87984	4.56845	75
-137.169	505.789	76
4.25517	4.97083	77
305.487	-37.3959	78
4.19743	4.9169	79
76.9911	222.366	80
3.871	4.55809	81
346.346	54.0727	82
4.20089	4.92191	83
-46.4946	-226.863	84
3.86611	4.54743	85
99.2367	-45.9224	86
3.85914	4.53046	87
-3.4518	189.794	88
3.85394	4.52371	89
-43.7944	153.918	90
3.81929	4.49329	91
-197.717	-216.256	92
2.85001	3.3818	93
-73.9181	-90.2421	94
3.49117	4.13387	95
81.0454	-311.913	96
3.54699	4.19702	97
-167.701	219.16	98
3.59059	4.2521	99
-283.478	149.771	100
0.265412	0.315825	101
-270.719	-34.0945	102
0.297181	0.353366	103
-173.813	-164.364	104
0.253857	0.298499	105
-205.074	-222.373	106
0.227948	0.261054	107
-75.5338	-110.484	108
0.165477	0.187042	109
-313.855	-284.846	110
0.16148	0.171493	111
-199.34	-531.439	112
0.0959666	0.090312	113
-311.619	-379.686	114
0.0946051	0.0972864	115
-210.204	-215.654	116
4.42478	5.13514	117
272.324	-215.704	118
4.29015	5.00581	119
243.966	160.815	120
3.75869	4.42381	121
122.791	279.716	122
3.76477	4.43562	123
-20.9654	149.124	124
0.121457	0.130008	125
289.247	-147.251	126
4.393	5.1076	127
221.402	-60.3044	128
4.28979	5.01123	129
-39.4092	560.941	130
3.71502	4.38437	131
78.9438	270.349	132
3.75134	4.42801	133
-346.011	-432.682	134
0.172557	0.188352	135
78.2475	-191.176	136
4.3312	5.05422	137
555.994	463.545	138
3.68038	4.34818	139
117.478	332.467	140
3.51897	4.16324	141
-327.945	-308.263	142
0.159123	0.18067	143
132.071	-120.502	144
3.64105	4.3015	145
-185.59	309.986	146
3.53682	4.18689	147
-54.1978	282.829	148
0.160893	0.18667	149
-266.18	-282.598	150
3.61426	4.27319	151
-331.148	-206.802	152
3.55065	4.20649	153
-217.583	287.859	154
0.161606	0.193155	155
-157.994	-166.464	156
3.59417	4.2573	157
-40.1924	472.858	158
3.5162	4.17625	159
-166.153	-96.4348	160
0.222313	0.2612	161
-70.5033	183.655	162
3.54845	4.21427	163
-157.089	-131.04	164
0.234272	0.278912	165
-167.112	130.734	166
0.220137	0.269024	167
30.0069	-105.026	168
0.2502	0.304857	169
133.28	100.608	170
4.0268	4.75007	171
329.459	346.602	172
4.96861	5.76603	173
391.979	526.544	174
4.75929	5.54433	175
427.592	331.64	176
4.37517	5.11124	177
-29.297	170.74	178
2.61757	3.08579	179
-237.319	-332.369	180
2.55887	3.02434	181
-172.062	-322.246	182
2.59992	3.0639	183
282.105	104.596	184
2.65717	3.13691	185
74.8996	-252.141	186
2.71439	3.20567	187
199.804	-332.151	188
2.73246	3.23528	189
-59.0812	215.497	190
2.75398	3.26833	191
-86.258	458.018	192
4.00865	4.73612	193
-212.128	335.652	194
5.1326	5.92621	195
98.4635	-13.4554	196
4.97487	5.77961	197
307.482	1230.24	198
4.34665	5.08117	199
2.93799	167.708	200
2.61083	3.0848	201
-197.113	-378.891	202
4.03796	4.7712	203
-5.94165	251.662	204
5.10307	5.9009	205
412.863	540.092	206
5.012	5.8225	207
-35.7373	148.565	208
4.3129	5.05165	209
-184.291	-103.393	210
2.59813	3.0763	211
3.23706	308.255	212
4.06729	4.79788	213
451.193	513.202	214
5.03447	5.84076	215
101.681	307.781	216
4.2754	5.01259	217
-218.955	-142.586	218
2.62441	3.10836	219
-57.0309	202.373	220
4.13395	4.86594	221
385.655	451.264	222
4.22224	4.95212	223
-76.4494	355.468	224
2.69513	3.1864	225
-115.515	25.8339	226
4.10203	4.83992	227
-40.9339	185.95	228
4.20396	4.93229	229
16.8235	316.663	230
2.68612	3.18316	231
27.0799	422.454	232
4.10938	4.84882	233
111.832	461.173	234
4.18416	4.91671	235
-92.2095	265.281	236
2.68774	3.18902	237
-23.0905	330.34	238
4.14434	4.88109	239
137.49	202.535	240
2.70266	3.20967	241
-170.457	307.439	242
2.72351	3.23787	243
-407.782	495.749	244
2.76482	3.28494	245
-249.777	416.51	246
2.72619	3.25052	247
366.076	367.245	248
5.24818	6.03066	249
367.821	406.209	250
4.89451	5.68308	251
553.077	4.82988	252
4.86878	5.66579	253
588.676	787.433	254
4.58264	5.35685	255
554.645	197.52	256
4.50162	5.28426	257
363.251	-63.8227	258
4.53087	5.31932	259
-273.512	378.856	260
4.48908	5.26597	261
448.84	71.3981	262
4.4755	5.24085	263
317.058	-31.5323	264
4.47809	5.23189	265
351.406	391.072	266
4.44705	5.18936	267
59.785	123.481	268
2.53452	2.99421	269
-99105	-138495	270
5.21895	5.9999	271
196133	216450	272
4.93676	5.72955	273
300893	-193.302	274
4.88715	5.68258	275
569883	763147	276
4.5655	5.34397	277
320852	112254	278
4.504	5.28647	279
-132.186	302.948	280
5.19377	5.97907	281
672.248	247.544	282
4.90507	5.70363	283
243.282	173.03	284
4.85332	5.653	285
238.69	-53.1047	286
4.5992	5.38341	287
195.635	-24.0866	288
4.47357	5.25468	289
153206	160854	290
4.93193	5.73203	291
281.661	131.106	292
4.8201	5.61824	293
225.214	61.1689	294
4.62109	5.40686	295
110.191	-38.426	296
4.47557	5.25092	297
251661	338564	298
4.7753	5.56613	299
455.579	196.671	300
4.69108	5.47417	301
324.012	176.448	302
4.46702	5.23237	303
-182.428	112.287	304
4.75671	5.54754	305
465.417	178.4	306
4.70582	5.49045	307
285.611	192.707	308
4.48413	5.24371	309
-196.168	140.172	310
4.75054	5.53979	311
248.868	168.359	312
4.68624	5.47665	313
-27.5242	-150.756	314
4.44555	5.20358	315
226057	174316	316
4.72289	5.51484	317
-536.869	-468.189	318
4.42521	5.17747	319
-5795.21	27950.3	320
4.40746	5.14664	321
-95.3886	-45.8681	322
4.38407	5.12747	323
-96.1724	-24.8007	324
4.39213	5.14129	325
205.092	302.115	326
4.52794	5.32215	327
455.276	388.574	328
5.00686	5.80161	329
343.075	318.341	330
4.90322	5.69755	331
43.5773	137.213	332
4.83467	5.63745	333
254.506	523.919	334
4.79336	5.60614	335
-70.4378	-98.7318	336
1.80731	2.15495	337
-101.617	-113.225	338
1.86861	2.21625	339
39.2141	-433.758	340
2.37297	2.7965	341
260.854	-215.679	342
2.43304	2.86388	343
-222.44	-880.251	344
2.46679	2.90918	345
-94.764	-168.35	346
2.48288	2.93679	347
-380.994	-74.399	348
4.49807	5.29647	349
-4.56982	524.548	350
4.99208	5.78527	351
487.166	467.814	352
4.90802	5.70658	353
-39.1935	369.126	354
4.76009	5.56554	355
327.014	459.791	356
4.77138	5.5826	357
-80.067	-86.7427	358
4.51064	5.31482	359
-213.839	683.865	360
4.96527	5.76269	361
28.0054	363.782	362
4.88506	5.68938	363
35.784	355.879	364
4.74478	5.55444	365
44.5088	667.307	366
4.7706	5.58759	367
7.12616	533.368	368
4.57348	5.37501	369
388.17	476.719	370
4.9122	5.71807	371
117.44	445.4	372
4.72176	5.52988	373
84.0011	-55.8729	374
2.387	2.81207	375
1.6643	318.736	376
4.60661	5.40967	377
-43.5322	696.781	378
4.69291	5.49372	379
61.1062	424.862	380
2.38938	2.82022	381
197.611	-45.785	382
4.58774	5.39658	383
74.4751	126.132	384
4.66417	5.46344	385
-39.4972	436.099	386
2.45525	2.89186	387
-300.836	19.6232	388
4.61659	5.42699	389
47.5277	370.866	390
4.63799	5.44149	391
-183.892	-87.5131	392
2.42215	2.86298	393
-191.821	405.034	394
4.63114	5.43886	395
-414.782	123.989	396
2.42768	2.87424	397
-159.65	390.45	398
2.47913	2.93306	399
-331.272	-80.8205	400
2.49829	2.95798	401
-287.332	98.2091	402
2.49668	2.96058	403
-85.4842	-98.2858	404
1.79399	2.14163	405
-121.856	-286.859	406
1.97484	2.33557	407
-122.306	-174.759	408
2.00352	2.3758	409
-33.1809	-136.789	410
2.06349	2.44731	411
-913.441	-1263.7	412
2.14232	2.5377	413
-229.597	-286.761	414
2.17315	2.57584	415
-292.835	-276.619	416
2.1294	2.54053	417
-564.377	-267.223	418
2.20315	2.60584	419
-416.067	284.587	420
2.60588	3.10017	421
-297.849	179.484	422
2.59472	3.07743	423
-322.767	-18.2444	424
2.55616	3.02739	425
-112.239	-113.298	426
2.52663	3.00209	427
-336.142	-23.5338	428
2.75105	3.23739	429
78.8901	80.5961	430
2.70265	3.19727	431
-118.492	262.237	432
2.35716	2.7734	433
195.123	-68.8591	434
1.91299	2.2664	435
-129.765	-142.066	436
2.53798	3.01922	437
-505.67	61.8919	438
2.7416	3.23367	439
-23.6109	-21.8044	440
2.6851	3.18405	441
279.711	-616.777	442
2.32362	2.74405	443
-184.7	-203.384	444
1.91193	2.27112	445
-345.817	67.7094	446
2.59375	3.08223	447
-223.564	-113.933	448
2.66067	3.15805	449
-59.8119	-617.306	450
2.31012	2.72899	451
-157.226	-94.8146	452
1.92881	2.29376	453
-446.425	177.035	454
2.62269	3.117	455
-250.266	166.454	456
2.25706	2.66862	457
-190.396	-219.377	458
1.96945	2.34172	459
-112.675	-87.5636	460
2.59482	3.09333	461
-222.79	347.111	462
2.25155	2.66156	463
-499.844	-436.994	464
2.00257	2.38062	465
-133.574	-112.672	466
2.62909	3.13334	467
-64.1171	-282.824	468
2.23827	2.6525	469
-246.878	-180.601	470
2.01266	2.39493	471
-201.112	-298.684	472
2.20957	2.62225	473
690.515	661.898	474
2.05278	2.44083	475
-215.036	-202.46	476
2.07885	2.47422	477
-188.843	-204.699	478
2.12291	2.52405	479
-213.061	-227.87	480
2.1229	2.52825	481
-113.615	-83.6785	482
1.77254	2.10864	483
-76.6768	-368.611	484
1.69743	2.02197	485
3491.32	3840.37	486
1.66434	1.97734	487
274.158	-272.753	488
1.6211	1.9226	489
-42.6913	-134.868	490
1.51945	1.80935	491
-52.7542	-65.7201	492
1.45115	1.74948	493
13.6175	27.1649	494
1.4462	1.74454	495
296.162	-310.778	496
2.66638	3.1125	497
376.989	-284.964	498
3.028	3.47839	499
308.809	-323.986	500
3.22899	3.68595	501
417.349	-25.5168	502
3.40651	3.85569	503
-168.016	-340.983	504
3.3983	3.84599	505
384.22	-72.536	506
3.3325	3.7887	507
417.591	-33.4047	508
2.87661	3.31925	509
203.805	-156.3	510
2.82151	3.27318	511
123.227	-146.402	512
1.73991	2.0817	513
-28235.5	-25721.7	514
3.3855	3.83803	515
148419	-29659.3	516
3.30048	3.7605	517
172764	-15777.7	518
2.89338	3.34177	519
51757.4	-41075.8	520
2.78919	3.24447	521
23245	-28552.4	522
1.73705	2.07711	523
172253	-12160.5	524
3.26637	3.7249	525
152.983	-317.762	526
2.92901	3.37898	527
222.616	-192.509	528
2.78069	3.23457	529
-12.2484	1.13677	530
1.70921	2.04374	531
137135	-146824	532
2.95601	3.40335	533
156.044	-117.045	534
2.75805	3.20451	535
193.914	-212.916	536
1.66615	1.99069	537
1.81027e+07	1.99118e+07	538
2.99222	3.441	539
236.984	-201.97	540
2.7315	3.17642	541
171.215	-242.017	542
1.66127	1.98005	543
1.8103e+07	1.99121e+07	544
2.99011	3.44455	545
123.98	-240.99	546
2.70879	3.15819	547
438.448	304.184	548
1.6374	1.95461	549
176906	-136291	550
2.68223	3.1298	551
-177.816	78.386	552
1.62728	1.93873	553
126207	-135110	554
1.57561	1.87706	555
-6424.55	-19733.1	556
1.53639	1.8305	557
-6419.69	-19723.1	558
1.51266	1.81102	559
327.179	744.754	560
1.38469	1.6715	561
-37.6236	-114.61	562
1.35252	1.62778	563
112.59	134.645	564
1.29569	1.55941	565
-3.57122	-70.6135	566
1.27784	1.53002	567
109.412	14.8981	568
1.29192	1.54411	569
147.575	141.24	570
0.790445	0.957869	571
-49.857	-38.8277	572
0.852734	1.02016	573
-109.425	-193.021	574
1.1927	1.43601	575
-39.1537	-195.767	576
2.46318	2.89685	577
81.4581	-348.414	578
3.1773	3.62567	579
646.258	-251.134	580
2.24384	2.65243	581
-65480.9	-131976	582
3.42435	3.8691	583
172122	-12210.1	584
3.18318	3.64433	585
137132	-146920	586
3.04528	3.49712	587
176782	-136454	588
2.64949	3.08818	589
126354	-135150	590
1.40224	1.69475	591
363.022	776.885	592
3.16835	3.62384	593
109.617	-118.005	594
3.17981	3.64557	595
163.151	-287.304	596
3.06069	3.51266	597
62.7251	-342.58	598
2.60417	3.0471	599
213.105	288.151	600
1.37144	1.66245	601
252.828	-157.961	602
3.15693	3.60379	603
254.153	-154.46	604
3.06891	3.52246	605
114.535	-547.49	606
2.59865	3.04003	607
-138.503	26.4096	608
1.34602	1.63125	609
174.49	-256.366	610
3.13959	3.59036	611
214.466	-139.775	612
2.58439	3.0185	613
-83.4235	-357.348	614
1.30577	1.58103	615
24.5178	99.2204	616
2.49884	2.93405	617
-12.2239	-282.263	618
2.52701	2.96376	619
21.1069	-281.031	620
1.28976	1.55924	621
-86.2748	136.83	622
2.47924	2.91869	623
30.4657	-58.3262	624
2.52356	2.9661	625
176.338	23.3219	626
1.28464	1.55257	627
-49.5683	-27.4021	628
1.23925	1.48411	629
232.346	-91.7457	630
1.28283	1.545	631
-84.3916	15.3302	632
1.24681	1.49743	633
-89.6877	-112.203	634
1.23891	1.49375	635
-24.5578	-32.7314	636
0.818142	0.991342	637
-80.5247	-31.2307	638
0.790539	0.957962	639
-79.8724	-326.86	640
0.943753	1.12429	641
13.551	-322.07	642
0.92925	1.12132	643
-130.866	102.917	644
0.990914	1.19453	645
38.9679	66.2043	646
0.988609	1.20376	647
179.544	172.493	648
4.07957	4.69444	649
-39.8248	40.6	650
0.996457	1.22735	651
51.456	96.0325	652
1.06535	1.28783	653
-274.573	-92.223	654
2.32563	2.75731	655
2778.82	2625.47	656
2.32804	2.74821	657
-75.9228	-293.829	658
2.19568	2.60006	659
-243.052	-250.171	660
2.21583	2.62865	661
-311.231	-76.7945	662
3.21915	3.66473	663
452.179	-195.968	664
2.43613	2.86824	665
-117.426	-160.348	666
1.1823	1.41829	667
-95.7037	-86.0423	668
0.860372	1.03357	669
-67.3357	-59.7692	670
2.25094	2.66953	671
-331.878	-286.536	672
3.25651	3.70409	673
-182.269	-316.546	674
2.40309	2.83942	675
-84.2357	-222.975	676
1.16963	1.40984	677
-270.055	-322.448	678
0.877588	1.05656	679
-235.981	-247.169	680
2.30927	2.73518	681
-306.116	37.3561	682
2.37438	2.80916	683
-123.725	-210.658	684
1.16219	1.40085	685
219.177	-139.511	686
0.913101	1.09785	687
-199.377	-90.7721	688
2.30761	2.73929	689
-100.416	-24.1003	690
1.15582	1.38716	691
-107.545	50.1395	692
0.950053	1.14212	693
-172.509	-278.568	694
2.3163	2.7522	695
-418.64	155.836	696
1.14112	1.37092	697
-101.794	-103.988	698
0.934873	1.13271	699
-193.805	-221.354	700
2.32036	2.76199	701
-31.2538	-32.1759	702
1.11959	1.35362	703
-362.494	196.058	704
0.919241	1.1213	705
-104.447	-123.576	706
1.07593	1.3084	707
-103.319	-24.0583	708
0.947083	1.15491	709
-50.1017	-28.2805	710
0.992182	1.20734	711
-33.648	125.495	712
1.00894	1.22987	713
-125.472	16.1381	714
0.99225	1.21739	715
-163.721	-20.7156	716
0.792998	0.948876	717
-121.416	-328.365	718
0.735555	0.879907	719
74.0327	-314.339	720
0.712888	0.845683	721
-174.25	-23.1026	722
0.68114	0.80244	723
18.8291	-352.072	724
0.569785	0.67948	725
147.212	-44.4855	726
0.533376	0.651519	727
-135.633	-27.8958	728
0.549273	0.667435	729
355.358	307.374	730
3.2539	3.8889	731
134.685	180.09	732
3.62906	4.26842	733
546.585	-32.7788	734
3.81952	4.45086	735
301.058	11.4071	736
4.00402	4.62731	737
272.633	49.2939	738
3.99204	4.61379	739
263.241	76.3625	740
3.92181	4.552	741
321.03	76.0702	742
3.4554	4.08702	743
417.438	265.893	744
3.41108	4.05109	745
-83.5752	170.72	746
0.76675	0.928406	747
-234.572	25.4758	748
3.99634	4.62399	749
302.116	12.646	750
3.9033	4.53772	751
233.361	-10.4996	752
3.47454	4.11191	753
76.9795	148.332	754
3.40443	4.04874	755
-13.8692	-245.376	756
0.753257	0.913365	757
213.654	9.73326	758
3.86395	4.49683	759
253.291	-41.2632	760
3.4941	4.13304	761
53.1925	163.448	762
3.39557	4.03832	763
-163.002	30.3557	764
0.737905	0.892235	765
131.171	28.1338	766
3.51601	4.15228	767
131.554	121.349	768
3.37732	4.01275	769
8290.62	26821.7	770
0.750261	0.894613	771
-3521.91	-97021.3	772
3.58804	4.22574	773
22401.9	20243	774
3.30235	3.93615	775
-32.4497	99.5976	776
0.71536	0.853951	777
23669.3	-102062	778
3.58673	4.23032	779
83.2401	86.8925	780
3.29325	3.93135	781
-81.0461	35.6543	782
0.682187	0.81935	783
28950.6	38901.5	784
3.28258	3.91909	785
-73.3808	-34.4127	786
0.647498	0.778778	787
163590	141493	788
0.618437	0.739676	789
6359.51	-124744	790
0.619104	0.733022	791
6365.35	-124728	792
0.592569	0.710716	793
-59756.4	-65331.1	794
2.83722	3.36485	795
-183.485	-80.6255	796
2.8758	3.41917	797
96.6761	-134.467	798
2.92856	3.48348	799
-109.048	107.847	800
2.93771	3.50417	801
-30.9347	58.2166	802
2.97351	3.5515	803
20.3912	-52.4362	804
2.97964	3.56903	805
-197.379	173.959	806
3.01314	3.60269	807
-111.52	-186.589	808
3.05829	3.66512	809
25.6952	-105.736	810
3.08099	3.69939	811
2.58458	176.006	812
3.14397	3.77369	813
-196.839	-269.62	814
0.328147	0.380466	815
-75563	-10641.6	816
3.63531	4.29856	817
-92638.2	46906.1	818
3.65763	4.32239	819
-46999.2	59239.9	820
3.69866	4.36379	821
25430.9	-102602	822
3.47422	4.11543	823
-9385.54	-11510.5	824
2.82646	3.3625	825
-262.905	-62.9275	826
3.17546	3.80267	827
-419.074	344.155	828
3.64542	4.31167	829
36.56	194.945	830
3.45424	4.08813	831
94.5557	321.928	832
2.8573	3.40067	833
-162.302	-49.748	834
3.16497	3.79616	835
-132.969	265.624	836
3.63928	4.31132	837
20.0798	284.295	838
3.43199	4.06433	839
86.7333	127.966	840
2.87983	3.42897	841
-245.274	-3.28705	842
3.19802	3.83517	843
-18.1787	350.782	844
3.64161	4.31512	845
83.097	-7.25835	846
3.39652	4.03308	847
-134.272	-270.366	848
2.8828	3.43615	849
-84.0015	392.161	850
3.25752	3.8921	851
91.1822	50.6062	852
3.37007	4.00509	853
-82.745	-134.732	854
2.89274	3.45176	855
-20.5033	222.349	856
3.24727	3.88341	857
62.6122	78.9979	858
2.89602	3.46247	859
-155.303	55.0615	860
3.28444	3.92633	861
141.423	307.453	862
2.93052	3.50274	863
-317.702	169.217	864
3.28663	3.93001	865
-203.498	191.771	866
2.92475	3.50121	867
-80.8853	160.827	868
2.94735	3.52958	869
-82.0015	92.1194	870
0.508101	0.630499	871
37.4883	-127.754	872
0.512051	0.612883	873
-95.8669	-196.036	874
0.425907	0.515211	875
-234.967	-320.638	876
0.406081	0.48382	877
78.3973	-146.381	878
0.409149	0.475375	879
-151.219	-342.467	880
0.329151	0.389564	881
73578	12686.7	882
3.0373	3.6326	883
88642.6	2151.16	884
3.78122	4.41656	885
295656	-20391.7	886
3.65111	4.29626	887
28947.6	38724	888
3.21977	3.85324	889
166429	143843	890
0.507209	0.623879	891
-86.8021	72.7623	892
3.02426	3.62533	893
224.082	48.1852	894
3.69483	4.33152	895
450.641	-135.187	896
3.23335	3.85946	897
120.543	131.772	898
0.510414	0.617012	899
-69.1836	-46.0722	900
3.04268	3.64796	901
-95.7985	-180.899	902
3.72144	4.35969	903
373.746	30.9072	904
3.21276	3.83736	905
-4.11177	31.4628	906
0.455078	0.555908	907
-97.9077	-113.009	908
3.05373	3.66469	909
-113.377	264.422	910
3.69438	4.33839	911
288.947	18.3259	912
3.1901	3.81889	913
8.14052	65.7512	914
0.450364	0.549641	915
-180.77	78.5127	916
3.08506	3.70333	917
162.916	-227.982	918
3.15829	3.78556	919
-86.3402	275.641	920
0.414542	0.508047	921
-63.0154	239.571	922
3.08267	3.70684	923
-40.8296	17.1612	924
0.418008	0.501544	925
-257.228	82.3925	926
3.10243	3.73045	927
-179.613	154.533	928
0.413791	0.491636	929
-241.199	-63.2723	930
3.12039	3.75443	931
-510.657	-622.184	932
0.374071	0.450277	933
-94.9629	-335.915	934
0.373158	0.443617	935
-179.45	-223.529	936
